[nil,
 #<RPG::Class:0x000000000547b5f8
  @description="",
  @exp_params=[30, 20, 30, 30],
  @features=
   [#<RPG::BaseItem::Feature:0x000000000547b3c8
     @code=23,
     @data_id=0,
     @value=1>,
    #<RPG::BaseItem::Feature:0x000000000547b2d8
     @code=22,
     @data_id=0,
     @value=0.95>,
    #<RPG::BaseItem::Feature:0x000000000547b288
     @code=22,
     @data_id=1,
     @value=0.05>,
    #<RPG::BaseItem::Feature:0x000000000547b238
     @code=22,
     @data_id=2,
     @value=0.04>,
    #<RPG::BaseItem::Feature:0x000000000547b1e8
     @code=41,
     @data_id=1,
     @value=0>,
    #<RPG::BaseItem::Feature:0x000000000547b1c0
     @code=51,
     @data_id=7,
     @value=0.0>,
    #<RPG::BaseItem::Feature:0x000000000547b170
     @code=52,
     @data_id=1,
     @value=0>,
    #<RPG::BaseItem::Feature:0x000000000547b148
     @code=43,
     @data_id=3,
     @value=0.0>],
  @icon_index=0,
  @id=1,
  @learnings=[],
  @name="Rogue",
  @note="",
  @params=
   #<Table:0x000000000547af90
    @data=
     [0,
      0,
      0,
      0,
      0,
      0,
      0,
      0,
      5,
      5,
      5,
      5,
      5,
      5,
      5,
      1,
      5,
      5,
      5,
      5,
      5,
      5,
      5,
      1,
      5,
      5,
      5,
      5,
      5,
      5,
      5,
      1,
      5,
      5,
      5,
      5,
      5,
      5,
      5,
      1,
      5,
      5,
      5,
      5,
      5,
      5,
      5,
      1,
      5,
      5,
      5,
      5,
      5,
      5,
      5,
      1,
      5,
      5,
      5,
      5,
      5,
      5,
      5,
      1,
      5,
      5,
      5,
      5,
      5,
      5,
      5,
      1,
      5,
      5,
      5,
      5,
      5,
      5,
      5,
      1,
      5,
      5,
      5,
      5,
      5,
      5,
      5,
      1,
      5,
      5,
      5,
      5,
      5,
      5,
      5,
      1,
      5,
      5,
      5,
      5,
      5,
      5,
      5,
      1,
      5,
      5,
      5,
      5,
      5,
      5,
      5,
      1,
      5,
      5,
      5,
      5,
      5,
      5,
      5,
      1,
      5,
      5,
      5,
      5,
      5,
      5,
      5,
      1,
      5,
      5,
      5,
      5,
      5,
      5,
      5,
      1,
      5,
      5,
      5,
      5,
      5,
      5,
      5,
      1,
      5,
      5,
      5,
      5,
      5,
      5,
      5,
      1,
      5,
      5,
      5,
      5,
      5,
      5,
      5,
      1,
      5,
      5,
      5,
      5,
      5,
      5,
      5,
      1,
      5,
      5,
      5,
      5,
      5,
      5,
      5,
      1,
      5,
      5,
      5,
      5,
      5,
      5,
      5,
      1,
      5,
      5,
      5,
      5,
      5,
      5,
      5,
      1,
      5,
      5,
      5,
      5,
      5,
      5,
      5,
      1,
      5,
      5,
      5,
      5,
      5,
      5,
      5,
      1,
      5,
      5,
      5,
      5,
      5,
      5,
      5,
      1,
      5,
      5,
      5,
      5,
      5,
      5,
      5,
      1,
      5,
      5,
      5,
      5,
      5,
      5,
      5,
      1,
      5,
      5,
      5,
      5,
      5,
      5,
      5,
      1,
      5,
      5,
      5,
      5,
      5,
      5,
      5,
      1,
      5,
      5,
      5,
      5,
      5,
      5,
      5,
      1,
      5,
      5,
      5,
      5,
      5,
      5,
      5,
      1,
      5,
      5,
      5,
      5,
      5,
      5,
      5,
      1,
      5,
      5,
      5,
      5,
      5,
      5,
      5,
      1,
      5,
      5,
      5,
      5,
      5,
      5,
      5,
      1,
      5,
      5,
      5,
      5,
      5,
      5,
      5,
      1,
      5,
      5,
      5,
      5,
      5,
      5,
      5,
      1,
      5,
      5,
      5,
      5,
      5,
      5,
      5,
      1,
      5,
      5,
      5,
      5,
      5,
      5,
      5,
      1,
      5,
      5,
      5,
      5,
      5,
      5,
      5,
      1,
      5,
      5,
      5,
      5,
      5,
      5,
      5,
      1,
      5,
      5,
      5,
      5,
      5,
      5,
      5,
      1,
      5,
      5,
      5,
      5,
      5,
      5,
      5,
      1,
      5,
      5,
      5,
      5,
      5,
      5,
      5,
      1,
      5,
      5,
      5,
      5,
      5,
      5,
      5,
      1,
      5,
      5,
      5,
      5,
      5,
      5,
      5,
      1,
      5,
      5,
      5,
      5,
      5,
      5,
      5,
      1,
      5,
      5,
      5,
      5,
      5,
      5,
      5,
      1,
      5,
      5,
      5,
      5,
      5,
      5,
      5,
      1,
      5,
      5,
      5,
      5,
      5,
      5,
      5,
      1,
      5,
      5,
      5,
      5,
      5,
      5,
      5,
      1,
      5,
      5,
      5,
      5,
      5,
      5,
      5,
      1,
      5,
      5,
      5,
      5,
      5,
      5,
      5,
      1,
      5,
      5,
      5,
      5,
      5,
      5,
      5,
      1,
      5,
      5,
      5,
      5,
      5,
      5,
      5,
      1,
      5,
      5,
      5,
      5,
      5,
      5,
      5,
      1,
      5,
      5,
      5,
      5,
      5,
      5,
      5,
      1,
      5,
      5,
      5,
      5,
      5,
      5,
      5,
      1,
      5,
      5,
      5,
      5,
      5,
      5,
      5,
      1,
      5,
      5,
      5,
      5,
      5,
      5,
      5,
      1,
      5,
      5,
      5,
      5,
      5,
      5,
      5,
      1,
      5,
      5,
      5,
      5,
      5,
      5,
      5,
      1,
      5,
      5,
      5,
      5,
      5,
      5,
      5,
      1,
      5,
      5,
      5,
      5,
      5,
      5,
      5,
      1,
      5,
      5,
      5,
      5,
      5,
      5,
      5,
      1,
      5,
      5,
      5,
      5,
      5,
      5,
      5,
      1,
      5,
      5,
      5,
      5,
      5,
      5,
      5,
      1,
      5,
      5,
      5,
      5,
      5,
      5,
      5,
      1,
      5,
      5,
      5,
      5,
      5,
      5,
      5,
      1,
      5,
      5,
      5,
      5,
      5,
      5,
      5,
      1,
      5,
      5,
      5,
      5,
      5,
      5,
      5,
      1,
      5,
      5,
      5,
      5,
      5,
      5,
      5,
      1,
      5,
      5,
      5,
      5,
      5,
      5,
      5,
      1,
      5,
      5,
      5,
      5,
      5,
      5,
      5,
      1,
      5,
      5,
      5,
      5,
      5,
      5,
      5,
      1,
      5,
      5,
      5,
      5,
      5,
      5,
      5,
      1,
      5,
      5,
      5,
      5,
      5,
      5,
      5,
      1,
      5,
      5,
      5,
      5,
      5,
      5,
      5,
      1,
      5,
      5,
      5,
      5,
      5,
      5,
      5,
      1,
      5,
      5,
      5,
      5,
      5,
      5,
      5,
      1,
      5,
      5,
      5,
      5,
      5,
      5,
      5,
      1,
      5,
      5,
      5,
      5,
      5,
      5,
      5,
      1,
      5,
      5,
      5,
      5,
      5,
      5,
      5,
      1,
      5,
      5,
      5,
      5,
      5,
      5,
      5,
      1,
      5,
      5,
      5,
      5,
      5,
      5,
      5,
      1,
      5,
      5,
      5,
      5,
      5,
      5,
      5,
      1,
      5,
      5,
      5,
      5,
      5,
      5,
      5,
      1,
      5,
      5,
      5,
      5,
      5,
      5,
      5,
      1,
      5,
      5,
      5,
      5,
      5,
      5,
      5,
      1,
      5,
      5,
      5,
      5,
      5,
      5,
      5,
      1,
      5,
      5,
      5,
      5,
      5,
      5,
      5,
      1,
      5,
      5,
      5,
      5,
      5,
      5,
      5,
      1,
      5,
      5,
      5,
      5,
      5,
      5,
      5,
      1,
      5,
      5,
      5,
      5,
      5,
      5,
      5,
      1,
      5,
      5,
      5,
      5,
      5,
      5,
      5,
      1,
      5,
      5,
      5,
      5,
      5,
      5,
      5,
      1,
      5,
      5,
      5,
      5,
      5,
      5,
      5,
      1,
      5,
      5,
      5,
      5,
      5,
      5,
      5,
      1,
      5,
      5,
      5,
      5,
      5,
      5,
      5,
      1],
    @dim=2,
    @x=8,
    @y=100,
    @z=1>>,
 #<RPG::Class:0x000000000547ad38
  @description="",
  @exp_params=[30, 20, 30, 30],
  @features=
   [#<RPG::BaseItem::Feature:0x000000000547ac98
     @code=23,
     @data_id=0,
     @value=1>,
    #<RPG::BaseItem::Feature:0x000000000547ac70
     @code=22,
     @data_id=0,
     @value=0.95>,
    #<RPG::BaseItem::Feature:0x000000000547ac20
     @code=22,
     @data_id=1,
     @value=0.05>,
    #<RPG::BaseItem::Feature:0x000000000547abd0
     @code=22,
     @data_id=2,
     @value=0.04>,
    #<RPG::BaseItem::Feature:0x000000000547ab80
     @code=41,
     @data_id=2,
     @value=0.0>,
    #<RPG::BaseItem::Feature:0x000000000547ab30
     @code=51,
     @data_id=1,
     @value=0.0>,
    #<RPG::BaseItem::Feature:0x000000000547aae0
     @code=52,
     @data_id=1,
     @value=0>,
    #<RPG::BaseItem::Feature:0x000000000547aab8
     @code=43,
     @data_id=4,
     @value=0.0>],
  @icon_index=0,
  @id=2,
  @learnings=[],
  @name="Blacksmith",
  @note="",
  @params=
   #<Table:0x000000000547aa18
    @data=
     [0,
      0,
      0,
      0,
      0,
      0,
      0,
      0,
      7,
      5,
      7,
      5,
      5,
      3,
      3,
      1,
      7,
      5,
      7,
      5,
      5,
      3,
      3,
      1,
      7,
      5,
      7,
      5,
      5,
      3,
      3,
      1,
      7,
      5,
      7,
      5,
      5,
      3,
      3,
      1,
      7,
      5,
      7,
      5,
      5,
      3,
      3,
      1,
      7,
      5,
      7,
      5,
      5,
      3,
      3,
      1,
      7,
      5,
      7,
      5,
      5,
      3,
      3,
      1,
      7,
      5,
      7,
      5,
      5,
      3,
      3,
      1,
      7,
      5,
      7,
      5,
      5,
      3,
      3,
      1,
      7,
      5,
      7,
      5,
      5,
      3,
      3,
      1,
      7,
      5,
      7,
      5,
      5,
      3,
      3,
      1,
      7,
      5,
      7,
      5,
      5,
      3,
      3,
      1,
      7,
      5,
      7,
      5,
      5,
      3,
      3,
      1,
      7,
      5,
      7,
      5,
      5,
      3,
      3,
      1,
      7,
      5,
      7,
      5,
      5,
      3,
      3,
      1,
      7,
      5,
      7,
      5,
      5,
      3,
      3,
      1,
      7,
      5,
      7,
      5,
      5,
      3,
      3,
      1,
      7,
      5,
      7,
      5,
      5,
      3,
      3,
      1,
      7,
      5,
      7,
      5,
      5,
      3,
      3,
      1,
      7,
      5,
      7,
      5,
      5,
      3,
      3,
      1,
      7,
      5,
      7,
      5,
      5,
      3,
      3,
      1,
      7,
      5,
      7,
      5,
      5,
      3,
      3,
      1,
      7,
      5,
      7,
      5,
      5,
      3,
      3,
      1,
      7,
      5,
      7,
      5,
      5,
      3,
      3,
      1,
      7,
      5,
      7,
      5,
      5,
      3,
      3,
      1,
      7,
      5,
      7,
      5,
      5,
      3,
      3,
      1,
      7,
      5,
      7,
      5,
      5,
      3,
      3,
      1,
      7,
      5,
      7,
      5,
      5,
      3,
      3,
      1,
      7,
      5,
      7,
      5,
      5,
      3,
      3,
      1,
      7,
      5,
      7,
      5,
      5,
      3,
      3,
      1,
      7,
      5,
      7,
      5,
      5,
      3,
      3,
      1,
      7,
      5,
      7,
      5,
      5,
      3,
      3,
      1,
      7,
      5,
      7,
      5,
      5,
      3,
      3,
      1,
      7,
      5,
      7,
      5,
      5,
      3,
      3,
      1,
      7,
      5,
      7,
      5,
      5,
      3,
      3,
      1,
      7,
      5,
      7,
      5,
      5,
      3,
      3,
      1,
      7,
      5,
      7,
      5,
      5,
      3,
      3,
      1,
      7,
      5,
      7,
      5,
      5,
      3,
      3,
      1,
      7,
      5,
      7,
      5,
      5,
      3,
      3,
      1,
      7,
      5,
      7,
      5,
      5,
      3,
      3,
      1,
      7,
      5,
      7,
      5,
      5,
      3,
      3,
      1,
      7,
      5,
      7,
      5,
      5,
      3,
      3,
      1,
      7,
      5,
      7,
      5,
      5,
      3,
      3,
      1,
      7,
      5,
      7,
      5,
      5,
      3,
      3,
      1,
      7,
      5,
      7,
      5,
      5,
      3,
      3,
      1,
      7,
      5,
      7,
      5,
      5,
      3,
      3,
      1,
      7,
      5,
      7,
      5,
      5,
      3,
      3,
      1,
      7,
      5,
      7,
      5,
      5,
      3,
      3,
      1,
      7,
      5,
      7,
      5,
      5,
      3,
      3,
      1,
      7,
      5,
      7,
      5,
      5,
      3,
      3,
      1,
      7,
      5,
      7,
      5,
      5,
      3,
      3,
      1,
      7,
      5,
      7,
      5,
      5,
      3,
      3,
      1,
      7,
      5,
      7,
      5,
      5,
      3,
      3,
      1,
      7,
      5,
      7,
      5,
      5,
      3,
      3,
      1,
      7,
      5,
      7,
      5,
      5,
      3,
      3,
      1,
      7,
      5,
      7,
      5,
      5,
      3,
      3,
      1,
      7,
      5,
      7,
      5,
      5,
      3,
      3,
      1,
      7,
      5,
      7,
      5,
      5,
      3,
      3,
      1,
      7,
      5,
      7,
      5,
      5,
      3,
      3,
      1,
      7,
      5,
      7,
      5,
      5,
      3,
      3,
      1,
      7,
      5,
      7,
      5,
      5,
      3,
      3,
      1,
      7,
      5,
      7,
      5,
      5,
      3,
      3,
      1,
      7,
      5,
      7,
      5,
      5,
      3,
      3,
      1,
      7,
      5,
      7,
      5,
      5,
      3,
      3,
      1,
      7,
      5,
      7,
      5,
      5,
      3,
      3,
      1,
      7,
      5,
      7,
      5,
      5,
      3,
      3,
      1,
      7,
      5,
      7,
      5,
      5,
      3,
      3,
      1,
      7,
      5,
      7,
      5,
      5,
      3,
      3,
      1,
      7,
      5,
      7,
      5,
      5,
      3,
      3,
      1,
      7,
      5,
      7,
      5,
      5,
      3,
      3,
      1,
      7,
      5,
      7,
      5,
      5,
      3,
      3,
      1,
      7,
      5,
      7,
      5,
      5,
      3,
      3,
      1,
      7,
      5,
      7,
      5,
      5,
      3,
      3,
      1,
      7,
      5,
      7,
      5,
      5,
      3,
      3,
      1,
      7,
      5,
      7,
      5,
      5,
      3,
      3,
      1,
      7,
      5,
      7,
      5,
      5,
      3,
      3,
      1,
      7,
      5,
      7,
      5,
      5,
      3,
      3,
      1,
      7,
      5,
      7,
      5,
      5,
      3,
      3,
      1,
      7,
      5,
      7,
      5,
      5,
      3,
      3,
      1,
      7,
      5,
      7,
      5,
      5,
      3,
      3,
      1,
      7,
      5,
      7,
      5,
      5,
      3,
      3,
      1,
      7,
      5,
      7,
      5,
      5,
      3,
      3,
      1,
      7,
      5,
      7,
      5,
      5,
      3,
      3,
      1,
      7,
      5,
      7,
      5,
      5,
      3,
      3,
      1,
      7,
      5,
      7,
      5,
      5,
      3,
      3,
      1,
      7,
      5,
      7,
      5,
      5,
      3,
      3,
      1,
      7,
      5,
      7,
      5,
      5,
      3,
      3,
      1,
      7,
      5,
      7,
      5,
      5,
      3,
      3,
      1,
      7,
      5,
      7,
      5,
      5,
      3,
      3,
      1,
      7,
      5,
      7,
      5,
      5,
      3,
      3,
      1,
      7,
      5,
      7,
      5,
      5,
      3,
      3,
      1,
      7,
      5,
      7,
      5,
      5,
      3,
      3,
      1,
      7,
      5,
      7,
      5,
      5,
      3,
      3,
      1,
      7,
      5,
      7,
      5,
      5,
      3,
      3,
      1,
      7,
      5,
      7,
      5,
      5,
      3,
      3,
      1,
      7,
      5,
      7,
      5,
      5,
      3,
      3,
      1,
      7,
      5,
      7,
      5,
      5,
      3,
      3,
      1,
      7,
      5,
      7,
      5,
      5,
      3,
      3,
      1,
      7,
      5,
      7,
      5,
      5,
      3,
      3,
      1],
    @dim=2,
    @x=8,
    @y=100,
    @z=1>>,
 #<RPG::Class:0x000000000547a928
  @description="",
  @exp_params=[30, 20, 30, 30],
  @features=
   [#<RPG::BaseItem::Feature:0x000000000547a888
     @code=23,
     @data_id=0,
     @value=1>,
    #<RPG::BaseItem::Feature:0x000000000547a860
     @code=22,
     @data_id=0,
     @value=0.95>,
    #<RPG::BaseItem::Feature:0x000000000547a810
     @code=22,
     @data_id=1,
     @value=0.05>,
    #<RPG::BaseItem::Feature:0x000000000547a7c0
     @code=22,
     @data_id=2,
     @value=0.04>,
    #<RPG::BaseItem::Feature:0x000000000547a770
     @code=41,
     @data_id=3,
     @value=0.0>,
    #<RPG::BaseItem::Feature:0x000000000547a720
     @code=51,
     @data_id=6,
     @value=0.0>,
    #<RPG::BaseItem::Feature:0x000000000547a6d0
     @code=52,
     @data_id=1,
     @value=0>,
    #<RPG::BaseItem::Feature:0x000000000547a6a8
     @code=43,
     @data_id=5,
     @value=0.0>],
  @icon_index=0,
  @id=3,
  @learnings=[],
  @name="Archer",
  @note="",
  @params=
   #<Table:0x000000000547a608
    @data=
     [0,
      0,
      0,
      0,
      0,
      0,
      0,
      0,
      4,
      5,
      5,
      5,
      5,
      5,
      5,
      1,
      4,
      5,
      5,
      5,
      5,
      5,
      5,
      1,
      4,
      5,
      5,
      5,
      5,
      5,
      5,
      1,
      4,
      5,
      5,
      5,
      5,
      5,
      5,
      1,
      4,
      5,
      5,
      5,
      5,
      5,
      5,
      1,
      4,
      5,
      5,
      5,
      5,
      5,
      5,
      1,
      4,
      5,
      5,
      5,
      5,
      5,
      5,
      1,
      4,
      5,
      5,
      5,
      5,
      5,
      5,
      1,
      4,
      5,
      5,
      5,
      5,
      5,
      5,
      1,
      4,
      5,
      5,
      5,
      5,
      5,
      5,
      1,
      4,
      5,
      5,
      5,
      5,
      5,
      5,
      1,
      4,
      5,
      5,
      5,
      5,
      5,
      5,
      1,
      4,
      5,
      5,
      5,
      5,
      5,
      5,
      1,
      4,
      5,
      5,
      5,
      5,
      5,
      5,
      1,
      4,
      5,
      5,
      5,
      5,
      5,
      5,
      1,
      4,
      5,
      5,
      5,
      5,
      5,
      5,
      1,
      4,
      5,
      5,
      5,
      5,
      5,
      5,
      1,
      4,
      5,
      5,
      5,
      5,
      5,
      5,
      1,
      4,
      5,
      5,
      5,
      5,
      5,
      5,
      1,
      4,
      5,
      5,
      5,
      5,
      5,
      5,
      1,
      4,
      5,
      5,
      5,
      5,
      5,
      5,
      1,
      4,
      5,
      5,
      5,
      5,
      5,
      5,
      1,
      4,
      5,
      5,
      5,
      5,
      5,
      5,
      1,
      4,
      5,
      5,
      5,
      5,
      5,
      5,
      1,
      4,
      5,
      5,
      5,
      5,
      5,
      5,
      1,
      4,
      5,
      5,
      5,
      5,
      5,
      5,
      1,
      4,
      5,
      5,
      5,
      5,
      5,
      5,
      1,
      4,
      5,
      5,
      5,
      5,
      5,
      5,
      1,
      4,
      5,
      5,
      5,
      5,
      5,
      5,
      1,
      4,
      5,
      5,
      5,
      5,
      5,
      5,
      1,
      4,
      5,
      5,
      5,
      5,
      5,
      5,
      1,
      4,
      5,
      5,
      5,
      5,
      5,
      5,
      1,
      4,
      5,
      5,
      5,
      5,
      5,
      5,
      1,
      4,
      5,
      5,
      5,
      5,
      5,
      5,
      1,
      4,
      5,
      5,
      5,
      5,
      5,
      5,
      1,
      4,
      5,
      5,
      5,
      5,
      5,
      5,
      1,
      4,
      5,
      5,
      5,
      5,
      5,
      5,
      1,
      4,
      5,
      5,
      5,
      5,
      5,
      5,
      1,
      4,
      5,
      5,
      5,
      5,
      5,
      5,
      1,
      4,
      5,
      5,
      5,
      5,
      5,
      5,
      1,
      4,
      5,
      5,
      5,
      5,
      5,
      5,
      1,
      4,
      5,
      5,
      5,
      5,
      5,
      5,
      1,
      4,
      5,
      5,
      5,
      5,
      5,
      5,
      1,
      4,
      5,
      5,
      5,
      5,
      5,
      5,
      1,
      4,
      5,
      5,
      5,
      5,
      5,
      5,
      1,
      4,
      5,
      5,
      5,
      5,
      5,
      5,
      1,
      4,
      5,
      5,
      5,
      5,
      5,
      5,
      1,
      4,
      5,
      5,
      5,
      5,
      5,
      5,
      1,
      4,
      5,
      5,
      5,
      5,
      5,
      5,
      1,
      4,
      5,
      5,
      5,
      5,
      5,
      5,
      1,
      4,
      5,
      5,
      5,
      5,
      5,
      5,
      1,
      4,
      5,
      5,
      5,
      5,
      5,
      5,
      1,
      4,
      5,
      5,
      5,
      5,
      5,
      5,
      1,
      4,
      5,
      5,
      5,
      5,
      5,
      5,
      1,
      4,
      5,
      5,
      5,
      5,
      5,
      5,
      1,
      4,
      5,
      5,
      5,
      5,
      5,
      5,
      1,
      4,
      5,
      5,
      5,
      5,
      5,
      5,
      1,
      4,
      5,
      5,
      5,
      5,
      5,
      5,
      1,
      4,
      5,
      5,
      5,
      5,
      5,
      5,
      1,
      4,
      5,
      5,
      5,
      5,
      5,
      5,
      1,
      4,
      5,
      5,
      5,
      5,
      5,
      5,
      1,
      4,
      5,
      5,
      5,
      5,
      5,
      5,
      1,
      4,
      5,
      5,
      5,
      5,
      5,
      5,
      1,
      4,
      5,
      5,
      5,
      5,
      5,
      5,
      1,
      4,
      5,
      5,
      5,
      5,
      5,
      5,
      1,
      4,
      5,
      5,
      5,
      5,
      5,
      5,
      1,
      4,
      5,
      5,
      5,
      5,
      5,
      5,
      1,
      4,
      5,
      5,
      5,
      5,
      5,
      5,
      1,
      4,
      5,
      5,
      5,
      5,
      5,
      5,
      1,
      4,
      5,
      5,
      5,
      5,
      5,
      5,
      1,
      4,
      5,
      5,
      5,
      5,
      5,
      5,
      1,
      4,
      5,
      5,
      5,
      5,
      5,
      5,
      1,
      4,
      5,
      5,
      5,
      5,
      5,
      5,
      1,
      4,
      5,
      5,
      5,
      5,
      5,
      5,
      1,
      4,
      5,
      5,
      5,
      5,
      5,
      5,
      1,
      4,
      5,
      5,
      5,
      5,
      5,
      5,
      1,
      4,
      5,
      5,
      5,
      5,
      5,
      5,
      1,
      4,
      5,
      5,
      5,
      5,
      5,
      5,
      1,
      4,
      5,
      5,
      5,
      5,
      5,
      5,
      1,
      4,
      5,
      5,
      5,
      5,
      5,
      5,
      1,
      4,
      5,
      5,
      5,
      5,
      5,
      5,
      1,
      4,
      5,
      5,
      5,
      5,
      5,
      5,
      1,
      4,
      5,
      5,
      5,
      5,
      5,
      5,
      1,
      4,
      5,
      5,
      5,
      5,
      5,
      5,
      1,
      4,
      5,
      5,
      5,
      5,
      5,
      5,
      1,
      4,
      5,
      5,
      5,
      5,
      5,
      5,
      1,
      4,
      5,
      5,
      5,
      5,
      5,
      5,
      1,
      4,
      5,
      5,
      5,
      5,
      5,
      5,
      1,
      4,
      5,
      5,
      5,
      5,
      5,
      5,
      1,
      4,
      5,
      5,
      5,
      5,
      5,
      5,
      1,
      4,
      5,
      5,
      5,
      5,
      5,
      5,
      1,
      4,
      5,
      5,
      5,
      5,
      5,
      5,
      1,
      4,
      5,
      5,
      5,
      5,
      5,
      5,
      1,
      4,
      5,
      5,
      5,
      5,
      5,
      5,
      1,
      4,
      5,
      5,
      5,
      5,
      5,
      5,
      1,
      4,
      5,
      5,
      5,
      5,
      5,
      5,
      1,
      4,
      5,
      5,
      5,
      5,
      5,
      5,
      1,
      4,
      5,
      5,
      5,
      5,
      5,
      5,
      1,
      4,
      5,
      5,
      5,
      5,
      5,
      5,
      1],
    @dim=2,
    @x=8,
    @y=100,
    @z=1>>,
 #<RPG::Class:0x000000000547a518
  @description="",
  @exp_params=[30, 20, 30, 30],
  @features=
   [#<RPG::BaseItem::Feature:0x000000000547a478
     @code=23,
     @data_id=0,
     @value=1>,
    #<RPG::BaseItem::Feature:0x000000000547a450
     @code=22,
     @data_id=0,
     @value=0.95>,
    #<RPG::BaseItem::Feature:0x000000000547a400
     @code=22,
     @data_id=1,
     @value=0.05>,
    #<RPG::BaseItem::Feature:0x000000000547a3b0
     @code=22,
     @data_id=2,
     @value=0.04>,
    #<RPG::BaseItem::Feature:0x000000000547a360
     @code=41,
     @data_id=4,
     @value=0.0>,
    #<RPG::BaseItem::Feature:0x000000000547a310
     @code=51,
     @data_id=3,
     @value=0.0>,
    #<RPG::BaseItem::Feature:0x000000000547a2c0
     @code=52,
     @data_id=1,
     @value=0>,
    #<RPG::BaseItem::Feature:0x000000000547a298
     @code=43,
     @data_id=23,
     @value=0.0>],
  @icon_index=0,
  @id=4,
  @learnings=[],
  @name="Halberdier",
  @note="",
  @params=
   #<Table:0x000000000547a1f8
    @data=
     [0,
      0,
      0,
      0,
      0,
      0,
      0,
      0,
      5,
      5,
      5,
      5,
      5,
      5,
      5,
      1,
      5,
      5,
      5,
      5,
      5,
      5,
      5,
      1,
      5,
      5,
      5,
      5,
      5,
      5,
      5,
      1,
      5,
      5,
      5,
      5,
      5,
      5,
      5,
      1,
      5,
      5,
      5,
      5,
      5,
      5,
      5,
      1,
      5,
      5,
      5,
      5,
      5,
      5,
      5,
      1,
      5,
      5,
      5,
      5,
      5,
      5,
      5,
      1,
      5,
      5,
      5,
      5,
      5,
      5,
      5,
      1,
      5,
      5,
      5,
      5,
      5,
      5,
      5,
      1,
      5,
      5,
      5,
      5,
      5,
      5,
      5,
      1,
      5,
      5,
      5,
      5,
      5,
      5,
      5,
      1,
      5,
      5,
      5,
      5,
      5,
      5,
      5,
      1,
      5,
      5,
      5,
      5,
      5,
      5,
      5,
      1,
      5,
      5,
      5,
      5,
      5,
      5,
      5,
      1,
      5,
      5,
      5,
      5,
      5,
      5,
      5,
      1,
      5,
      5,
      5,
      5,
      5,
      5,
      5,
      1,
      5,
      5,
      5,
      5,
      5,
      5,
      5,
      1,
      5,
      5,
      5,
      5,
      5,
      5,
      5,
      1,
      5,
      5,
      5,
      5,
      5,
      5,
      5,
      1,
      5,
      5,
      5,
      5,
      5,
      5,
      5,
      1,
      5,
      5,
      5,
      5,
      5,
      5,
      5,
      1,
      5,
      5,
      5,
      5,
      5,
      5,
      5,
      1,
      5,
      5,
      5,
      5,
      5,
      5,
      5,
      1,
      5,
      5,
      5,
      5,
      5,
      5,
      5,
      1,
      5,
      5,
      5,
      5,
      5,
      5,
      5,
      1,
      5,
      5,
      5,
      5,
      5,
      5,
      5,
      1,
      5,
      5,
      5,
      5,
      5,
      5,
      5,
      1,
      5,
      5,
      5,
      5,
      5,
      5,
      5,
      1,
      5,
      5,
      5,
      5,
      5,
      5,
      5,
      1,
      5,
      5,
      5,
      5,
      5,
      5,
      5,
      1,
      5,
      5,
      5,
      5,
      5,
      5,
      5,
      1,
      5,
      5,
      5,
      5,
      5,
      5,
      5,
      1,
      5,
      5,
      5,
      5,
      5,
      5,
      5,
      1,
      5,
      5,
      5,
      5,
      5,
      5,
      5,
      1,
      5,
      5,
      5,
      5,
      5,
      5,
      5,
      1,
      5,
      5,
      5,
      5,
      5,
      5,
      5,
      1,
      5,
      5,
      5,
      5,
      5,
      5,
      5,
      1,
      5,
      5,
      5,
      5,
      5,
      5,
      5,
      1,
      5,
      5,
      5,
      5,
      5,
      5,
      5,
      1,
      5,
      5,
      5,
      5,
      5,
      5,
      5,
      1,
      5,
      5,
      5,
      5,
      5,
      5,
      5,
      1,
      5,
      5,
      5,
      5,
      5,
      5,
      5,
      1,
      5,
      5,
      5,
      5,
      5,
      5,
      5,
      1,
      5,
      5,
      5,
      5,
      5,
      5,
      5,
      1,
      5,
      5,
      5,
      5,
      5,
      5,
      5,
      1,
      5,
      5,
      5,
      5,
      5,
      5,
      5,
      1,
      5,
      5,
      5,
      5,
      5,
      5,
      5,
      1,
      5,
      5,
      5,
      5,
      5,
      5,
      5,
      1,
      5,
      5,
      5,
      5,
      5,
      5,
      5,
      1,
      5,
      5,
      5,
      5,
      5,
      5,
      5,
      1,
      5,
      5,
      5,
      5,
      5,
      5,
      5,
      1,
      5,
      5,
      5,
      5,
      5,
      5,
      5,
      1,
      5,
      5,
      5,
      5,
      5,
      5,
      5,
      1,
      5,
      5,
      5,
      5,
      5,
      5,
      5,
      1,
      5,
      5,
      5,
      5,
      5,
      5,
      5,
      1,
      5,
      5,
      5,
      5,
      5,
      5,
      5,
      1,
      5,
      5,
      5,
      5,
      5,
      5,
      5,
      1,
      5,
      5,
      5,
      5,
      5,
      5,
      5,
      1,
      5,
      5,
      5,
      5,
      5,
      5,
      5,
      1,
      5,
      5,
      5,
      5,
      5,
      5,
      5,
      1,
      5,
      5,
      5,
      5,
      5,
      5,
      5,
      1,
      5,
      5,
      5,
      5,
      5,
      5,
      5,
      1,
      5,
      5,
      5,
      5,
      5,
      5,
      5,
      1,
      5,
      5,
      5,
      5,
      5,
      5,
      5,
      1,
      5,
      5,
      5,
      5,
      5,
      5,
      5,
      1,
      5,
      5,
      5,
      5,
      5,
      5,
      5,
      1,
      5,
      5,
      5,
      5,
      5,
      5,
      5,
      1,
      5,
      5,
      5,
      5,
      5,
      5,
      5,
      1,
      5,
      5,
      5,
      5,
      5,
      5,
      5,
      1,
      5,
      5,
      5,
      5,
      5,
      5,
      5,
      1,
      5,
      5,
      5,
      5,
      5,
      5,
      5,
      1,
      5,
      5,
      5,
      5,
      5,
      5,
      5,
      1,
      5,
      5,
      5,
      5,
      5,
      5,
      5,
      1,
      5,
      5,
      5,
      5,
      5,
      5,
      5,
      1,
      5,
      5,
      5,
      5,
      5,
      5,
      5,
      1,
      5,
      5,
      5,
      5,
      5,
      5,
      5,
      1,
      5,
      5,
      5,
      5,
      5,
      5,
      5,
      1,
      5,
      5,
      5,
      5,
      5,
      5,
      5,
      1,
      5,
      5,
      5,
      5,
      5,
      5,
      5,
      1,
      5,
      5,
      5,
      5,
      5,
      5,
      5,
      1,
      5,
      5,
      5,
      5,
      5,
      5,
      5,
      1,
      5,
      5,
      5,
      5,
      5,
      5,
      5,
      1,
      5,
      5,
      5,
      5,
      5,
      5,
      5,
      1,
      5,
      5,
      5,
      5,
      5,
      5,
      5,
      1,
      5,
      5,
      5,
      5,
      5,
      5,
      5,
      1,
      5,
      5,
      5,
      5,
      5,
      5,
      5,
      1,
      5,
      5,
      5,
      5,
      5,
      5,
      5,
      1,
      5,
      5,
      5,
      5,
      5,
      5,
      5,
      1,
      5,
      5,
      5,
      5,
      5,
      5,
      5,
      1,
      5,
      5,
      5,
      5,
      5,
      5,
      5,
      1,
      5,
      5,
      5,
      5,
      5,
      5,
      5,
      1,
      5,
      5,
      5,
      5,
      5,
      5,
      5,
      1,
      5,
      5,
      5,
      5,
      5,
      5,
      5,
      1,
      5,
      5,
      5,
      5,
      5,
      5,
      5,
      1,
      5,
      5,
      5,
      5,
      5,
      5,
      5,
      1,
      5,
      5,
      5,
      5,
      5,
      5,
      5,
      1,
      5,
      5,
      5,
      5,
      5,
      5,
      5,
      1,
      5,
      5,
      5,
      5,
      5,
      5,
      5,
      1,
      5,
      5,
      5,
      5,
      5,
      5,
      5,
      1],
    @dim=2,
    @x=8,
    @y=100,
    @z=1>>,
 #<RPG::Class:0x000000000547a108
  @description="",
  @exp_params=[30, 20, 30, 30],
  @features=
   [#<RPG::BaseItem::Feature:0x000000000547a068
     @code=23,
     @data_id=0,
     @value=1>,
    #<RPG::BaseItem::Feature:0x000000000547a040
     @code=22,
     @data_id=0,
     @value=0.95>,
    #<RPG::BaseItem::Feature:0x0000000005479ff0
     @code=22,
     @data_id=1,
     @value=0.05>,
    #<RPG::BaseItem::Feature:0x0000000005479fa0
     @code=22,
     @data_id=2,
     @value=0.04>,
    #<RPG::BaseItem::Feature:0x0000000005479f50
     @code=41,
     @data_id=5,
     @value=0.0>,
    #<RPG::BaseItem::Feature:0x0000000005479f00
     @code=51,
     @data_id=2,
     @value=0.0>,
    #<RPG::BaseItem::Feature:0x0000000005479eb0
     @code=52,
     @data_id=1,
     @value=0>,
    #<RPG::BaseItem::Feature:0x0000000005479e88
     @code=43,
     @data_id=13,
     @value=0.0>],
  @icon_index=0,
  @id=5,
  @learnings=[],
  @name="Ghost",
  @note="",
  @params=
   #<Table:0x0000000005479de8
    @data=
     [0,
      0,
      0,
      0,
      0,
      0,
      0,
      0,
      7,
      7,
      7,
      7,
      7,
      7,
      7,
      1,
      7,
      7,
      7,
      7,
      7,
      7,
      7,
      1,
      7,
      7,
      7,
      7,
      7,
      7,
      7,
      1,
      7,
      7,
      7,
      7,
      7,
      7,
      7,
      1,
      7,
      7,
      7,
      7,
      7,
      7,
      7,
      1,
      7,
      7,
      7,
      7,
      7,
      7,
      7,
      1,
      7,
      7,
      7,
      7,
      7,
      7,
      7,
      1,
      7,
      7,
      7,
      7,
      7,
      7,
      7,
      1,
      7,
      7,
      7,
      7,
      7,
      7,
      7,
      1,
      7,
      7,
      7,
      7,
      7,
      7,
      7,
      1,
      7,
      7,
      7,
      7,
      7,
      7,
      7,
      1,
      7,
      7,
      7,
      7,
      7,
      7,
      7,
      1,
      7,
      7,
      7,
      7,
      7,
      7,
      7,
      1,
      7,
      7,
      7,
      7,
      7,
      7,
      7,
      1,
      7,
      7,
      7,
      7,
      7,
      7,
      7,
      1,
      7,
      7,
      7,
      7,
      7,
      7,
      7,
      1,
      7,
      7,
      7,
      7,
      7,
      7,
      7,
      1,
      7,
      7,
      7,
      7,
      7,
      7,
      7,
      1,
      7,
      7,
      7,
      7,
      7,
      7,
      7,
      1,
      7,
      7,
      7,
      7,
      7,
      7,
      7,
      1,
      7,
      7,
      7,
      7,
      7,
      7,
      7,
      1,
      7,
      7,
      7,
      7,
      7,
      7,
      7,
      1,
      7,
      7,
      7,
      7,
      7,
      7,
      7,
      1,
      7,
      7,
      7,
      7,
      7,
      7,
      7,
      1,
      7,
      7,
      7,
      7,
      7,
      7,
      7,
      1,
      7,
      7,
      7,
      7,
      7,
      7,
      7,
      1,
      7,
      7,
      7,
      7,
      7,
      7,
      7,
      1,
      7,
      7,
      7,
      7,
      7,
      7,
      7,
      1,
      7,
      7,
      7,
      7,
      7,
      7,
      7,
      1,
      7,
      7,
      7,
      7,
      7,
      7,
      7,
      1,
      7,
      7,
      7,
      7,
      7,
      7,
      7,
      1,
      7,
      7,
      7,
      7,
      7,
      7,
      7,
      1,
      7,
      7,
      7,
      7,
      7,
      7,
      7,
      1,
      7,
      7,
      7,
      7,
      7,
      7,
      7,
      1,
      7,
      7,
      7,
      7,
      7,
      7,
      7,
      1,
      7,
      7,
      7,
      7,
      7,
      7,
      7,
      1,
      7,
      7,
      7,
      7,
      7,
      7,
      7,
      1,
      7,
      7,
      7,
      7,
      7,
      7,
      7,
      1,
      7,
      7,
      7,
      7,
      7,
      7,
      7,
      1,
      7,
      7,
      7,
      7,
      7,
      7,
      7,
      1,
      7,
      7,
      7,
      7,
      7,
      7,
      7,
      1,
      7,
      7,
      7,
      7,
      7,
      7,
      7,
      1,
      7,
      7,
      7,
      7,
      7,
      7,
      7,
      1,
      7,
      7,
      7,
      7,
      7,
      7,
      7,
      1,
      7,
      7,
      7,
      7,
      7,
      7,
      7,
      1,
      7,
      7,
      7,
      7,
      7,
      7,
      7,
      1,
      7,
      7,
      7,
      7,
      7,
      7,
      7,
      1,
      7,
      7,
      7,
      7,
      7,
      7,
      7,
      1,
      7,
      7,
      7,
      7,
      7,
      7,
      7,
      1,
      7,
      7,
      7,
      7,
      7,
      7,
      7,
      1,
      7,
      7,
      7,
      7,
      7,
      7,
      7,
      1,
      7,
      7,
      7,
      7,
      7,
      7,
      7,
      1,
      7,
      7,
      7,
      7,
      7,
      7,
      7,
      1,
      7,
      7,
      7,
      7,
      7,
      7,
      7,
      1,
      7,
      7,
      7,
      7,
      7,
      7,
      7,
      1,
      7,
      7,
      7,
      7,
      7,
      7,
      7,
      1,
      7,
      7,
      7,
      7,
      7,
      7,
      7,
      1,
      7,
      7,
      7,
      7,
      7,
      7,
      7,
      1,
      7,
      7,
      7,
      7,
      7,
      7,
      7,
      1,
      7,
      7,
      7,
      7,
      7,
      7,
      7,
      1,
      7,
      7,
      7,
      7,
      7,
      7,
      7,
      1,
      7,
      7,
      7,
      7,
      7,
      7,
      7,
      1,
      7,
      7,
      7,
      7,
      7,
      7,
      7,
      1,
      7,
      7,
      7,
      7,
      7,
      7,
      7,
      1,
      7,
      7,
      7,
      7,
      7,
      7,
      7,
      1,
      7,
      7,
      7,
      7,
      7,
      7,
      7,
      1,
      7,
      7,
      7,
      7,
      7,
      7,
      7,
      1,
      7,
      7,
      7,
      7,
      7,
      7,
      7,
      1,
      7,
      7,
      7,
      7,
      7,
      7,
      7,
      1,
      7,
      7,
      7,
      7,
      7,
      7,
      7,
      1,
      7,
      7,
      7,
      7,
      7,
      7,
      7,
      1,
      7,
      7,
      7,
      7,
      7,
      7,
      7,
      1,
      7,
      7,
      7,
      7,
      7,
      7,
      7,
      1,
      7,
      7,
      7,
      7,
      7,
      7,
      7,
      1,
      7,
      7,
      7,
      7,
      7,
      7,
      7,
      1,
      7,
      7,
      7,
      7,
      7,
      7,
      7,
      1,
      7,
      7,
      7,
      7,
      7,
      7,
      7,
      1,
      7,
      7,
      7,
      7,
      7,
      7,
      7,
      1,
      7,
      7,
      7,
      7,
      7,
      7,
      7,
      1,
      7,
      7,
      7,
      7,
      7,
      7,
      7,
      1,
      7,
      7,
      7,
      7,
      7,
      7,
      7,
      1,
      7,
      7,
      7,
      7,
      7,
      7,
      7,
      1,
      7,
      7,
      7,
      7,
      7,
      7,
      7,
      1,
      7,
      7,
      7,
      7,
      7,
      7,
      7,
      1,
      7,
      7,
      7,
      7,
      7,
      7,
      7,
      1,
      7,
      7,
      7,
      7,
      7,
      7,
      7,
      1,
      7,
      7,
      7,
      7,
      7,
      7,
      7,
      1,
      7,
      7,
      7,
      7,
      7,
      7,
      7,
      1,
      7,
      7,
      7,
      7,
      7,
      7,
      7,
      1,
      7,
      7,
      7,
      7,
      7,
      7,
      7,
      1,
      7,
      7,
      7,
      7,
      7,
      7,
      7,
      1,
      7,
      7,
      7,
      7,
      7,
      7,
      7,
      1,
      7,
      7,
      7,
      7,
      7,
      7,
      7,
      1,
      7,
      7,
      7,
      7,
      7,
      7,
      7,
      1,
      7,
      7,
      7,
      7,
      7,
      7,
      7,
      1,
      7,
      7,
      7,
      7,
      7,
      7,
      7,
      1,
      7,
      7,
      7,
      7,
      7,
      7,
      7,
      1,
      7,
      7,
      7,
      7,
      7,
      7,
      7,
      1,
      7,
      7,
      7,
      7,
      7,
      7,
      7,
      1],
    @dim=2,
    @x=8,
    @y=100,
    @z=1>>,
 #<RPG::Class:0x0000000005479cf8
  @description="",
  @exp_params=[30, 20, 30, 30],
  @features=
   [#<RPG::BaseItem::Feature:0x0000000005479c58
     @code=23,
     @data_id=0,
     @value=1>,
    #<RPG::BaseItem::Feature:0x0000000005479c30
     @code=22,
     @data_id=0,
     @value=0.95>,
    #<RPG::BaseItem::Feature:0x0000000005479be0
     @code=22,
     @data_id=1,
     @value=0.05>,
    #<RPG::BaseItem::Feature:0x0000000005479b90
     @code=22,
     @data_id=2,
     @value=0.04>,
    #<RPG::BaseItem::Feature:0x0000000005479b40
     @code=41,
     @data_id=5,
     @value=0.0>,
    #<RPG::BaseItem::Feature:0x0000000005479af0
     @code=51,
     @data_id=8,
     @value=0.0>,
    #<RPG::BaseItem::Feature:0x0000000005479aa0
     @code=52,
     @data_id=1,
     @value=0.0>,
    #<RPG::BaseItem::Feature:0x0000000005479a50
     @code=43,
     @data_id=14,
     @value=0.0>],
  @icon_index=0,
  @id=6,
  @learnings=[],
  @name="Mercenary",
  @note="",
  @params=
   #<Table:0x00000000054799b0
    @data=
     [0,
      0,
      0,
      0,
      0,
      0,
      0,
      0,
      7,
      7,
      7,
      7,
      7,
      7,
      7,
      1,
      7,
      7,
      7,
      7,
      7,
      7,
      7,
      1,
      7,
      7,
      7,
      7,
      7,
      7,
      7,
      1,
      7,
      7,
      7,
      7,
      7,
      7,
      7,
      1,
      7,
      7,
      7,
      7,
      7,
      7,
      7,
      1,
      7,
      7,
      7,
      7,
      7,
      7,
      7,
      1,
      7,
      7,
      7,
      7,
      7,
      7,
      7,
      1,
      7,
      7,
      7,
      7,
      7,
      7,
      7,
      1,
      7,
      7,
      7,
      7,
      7,
      7,
      7,
      1,
      7,
      7,
      7,
      7,
      7,
      7,
      7,
      1,
      7,
      7,
      7,
      7,
      7,
      7,
      7,
      1,
      7,
      7,
      7,
      7,
      7,
      7,
      7,
      1,
      7,
      7,
      7,
      7,
      7,
      7,
      7,
      1,
      7,
      7,
      7,
      7,
      7,
      7,
      7,
      1,
      7,
      7,
      7,
      7,
      7,
      7,
      7,
      1,
      7,
      7,
      7,
      7,
      7,
      7,
      7,
      1,
      7,
      7,
      7,
      7,
      7,
      7,
      7,
      1,
      7,
      7,
      7,
      7,
      7,
      7,
      7,
      1,
      7,
      7,
      7,
      7,
      7,
      7,
      7,
      1,
      7,
      7,
      7,
      7,
      7,
      7,
      7,
      1,
      7,
      7,
      7,
      7,
      7,
      7,
      7,
      1,
      7,
      7,
      7,
      7,
      7,
      7,
      7,
      1,
      7,
      7,
      7,
      7,
      7,
      7,
      7,
      1,
      7,
      7,
      7,
      7,
      7,
      7,
      7,
      1,
      7,
      7,
      7,
      7,
      7,
      7,
      7,
      1,
      7,
      7,
      7,
      7,
      7,
      7,
      7,
      1,
      7,
      7,
      7,
      7,
      7,
      7,
      7,
      1,
      7,
      7,
      7,
      7,
      7,
      7,
      7,
      1,
      7,
      7,
      7,
      7,
      7,
      7,
      7,
      1,
      7,
      7,
      7,
      7,
      7,
      7,
      7,
      1,
      7,
      7,
      7,
      7,
      7,
      7,
      7,
      1,
      7,
      7,
      7,
      7,
      7,
      7,
      7,
      1,
      7,
      7,
      7,
      7,
      7,
      7,
      7,
      1,
      7,
      7,
      7,
      7,
      7,
      7,
      7,
      1,
      7,
      7,
      7,
      7,
      7,
      7,
      7,
      1,
      7,
      7,
      7,
      7,
      7,
      7,
      7,
      1,
      7,
      7,
      7,
      7,
      7,
      7,
      7,
      1,
      7,
      7,
      7,
      7,
      7,
      7,
      7,
      1,
      7,
      7,
      7,
      7,
      7,
      7,
      7,
      1,
      7,
      7,
      7,
      7,
      7,
      7,
      7,
      1,
      7,
      7,
      7,
      7,
      7,
      7,
      7,
      1,
      7,
      7,
      7,
      7,
      7,
      7,
      7,
      1,
      7,
      7,
      7,
      7,
      7,
      7,
      7,
      1,
      7,
      7,
      7,
      7,
      7,
      7,
      7,
      1,
      7,
      7,
      7,
      7,
      7,
      7,
      7,
      1,
      7,
      7,
      7,
      7,
      7,
      7,
      7,
      1,
      7,
      7,
      7,
      7,
      7,
      7,
      7,
      1,
      7,
      7,
      7,
      7,
      7,
      7,
      7,
      1,
      7,
      7,
      7,
      7,
      7,
      7,
      7,
      1,
      7,
      7,
      7,
      7,
      7,
      7,
      7,
      1,
      7,
      7,
      7,
      7,
      7,
      7,
      7,
      1,
      7,
      7,
      7,
      7,
      7,
      7,
      7,
      1,
      7,
      7,
      7,
      7,
      7,
      7,
      7,
      1,
      7,
      7,
      7,
      7,
      7,
      7,
      7,
      1,
      7,
      7,
      7,
      7,
      7,
      7,
      7,
      1,
      7,
      7,
      7,
      7,
      7,
      7,
      7,
      1,
      7,
      7,
      7,
      7,
      7,
      7,
      7,
      1,
      7,
      7,
      7,
      7,
      7,
      7,
      7,
      1,
      7,
      7,
      7,
      7,
      7,
      7,
      7,
      1,
      7,
      7,
      7,
      7,
      7,
      7,
      7,
      1,
      7,
      7,
      7,
      7,
      7,
      7,
      7,
      1,
      7,
      7,
      7,
      7,
      7,
      7,
      7,
      1,
      7,
      7,
      7,
      7,
      7,
      7,
      7,
      1,
      7,
      7,
      7,
      7,
      7,
      7,
      7,
      1,
      7,
      7,
      7,
      7,
      7,
      7,
      7,
      1,
      7,
      7,
      7,
      7,
      7,
      7,
      7,
      1,
      7,
      7,
      7,
      7,
      7,
      7,
      7,
      1,
      7,
      7,
      7,
      7,
      7,
      7,
      7,
      1,
      7,
      7,
      7,
      7,
      7,
      7,
      7,
      1,
      7,
      7,
      7,
      7,
      7,
      7,
      7,
      1,
      7,
      7,
      7,
      7,
      7,
      7,
      7,
      1,
      7,
      7,
      7,
      7,
      7,
      7,
      7,
      1,
      7,
      7,
      7,
      7,
      7,
      7,
      7,
      1,
      7,
      7,
      7,
      7,
      7,
      7,
      7,
      1,
      7,
      7,
      7,
      7,
      7,
      7,
      7,
      1,
      7,
      7,
      7,
      7,
      7,
      7,
      7,
      1,
      7,
      7,
      7,
      7,
      7,
      7,
      7,
      1,
      7,
      7,
      7,
      7,
      7,
      7,
      7,
      1,
      7,
      7,
      7,
      7,
      7,
      7,
      7,
      1,
      7,
      7,
      7,
      7,
      7,
      7,
      7,
      1,
      7,
      7,
      7,
      7,
      7,
      7,
      7,
      1,
      7,
      7,
      7,
      7,
      7,
      7,
      7,
      1,
      7,
      7,
      7,
      7,
      7,
      7,
      7,
      1,
      7,
      7,
      7,
      7,
      7,
      7,
      7,
      1,
      7,
      7,
      7,
      7,
      7,
      7,
      7,
      1,
      7,
      7,
      7,
      7,
      7,
      7,
      7,
      1,
      7,
      7,
      7,
      7,
      7,
      7,
      7,
      1,
      7,
      7,
      7,
      7,
      7,
      7,
      7,
      1,
      7,
      7,
      7,
      7,
      7,
      7,
      7,
      1,
      7,
      7,
      7,
      7,
      7,
      7,
      7,
      1,
      7,
      7,
      7,
      7,
      7,
      7,
      7,
      1,
      7,
      7,
      7,
      7,
      7,
      7,
      7,
      1,
      7,
      7,
      7,
      7,
      7,
      7,
      7,
      1,
      7,
      7,
      7,
      7,
      7,
      7,
      7,
      1,
      7,
      7,
      7,
      7,
      7,
      7,
      7,
      1,
      7,
      7,
      7,
      7,
      7,
      7,
      7,
      1,
      7,
      7,
      7,
      7,
      7,
      7,
      7,
      1,
      7,
      7,
      7,
      7,
      7,
      7,
      7,
      1,
      7,
      7,
      7,
      7,
      7,
      7,
      7,
      1],
    @dim=2,
    @x=8,
    @y=100,
    @z=1>>,
 #<RPG::Class:0x00000000054798c0
  @description="",
  @exp_params=[30, 20, 30, 30],
  @features=
   [#<RPG::BaseItem::Feature:0x0000000005479820
     @code=23,
     @data_id=0,
     @value=1>,
    #<RPG::BaseItem::Feature:0x00000000054797f8
     @code=22,
     @data_id=0,
     @value=0.95>,
    #<RPG::BaseItem::Feature:0x00000000054797a8
     @code=22,
     @data_id=1,
     @value=0.05>,
    #<RPG::BaseItem::Feature:0x0000000005479758
     @code=22,
     @data_id=2,
     @value=0.04>,
    #<RPG::BaseItem::Feature:0x0000000005479708
     @code=41,
     @data_id=5,
     @value=0.0>,
    #<RPG::BaseItem::Feature:0x00000000054796b8
     @code=51,
     @data_id=5,
     @value=0.0>,
    #<RPG::BaseItem::Feature:0x0000000005479668
     @code=52,
     @data_id=1,
     @value=0>,
    #<RPG::BaseItem::Feature:0x0000000005479640
     @code=43,
     @data_id=15,
     @value=0.0>],
  @icon_index=0,
  @id=7,
  @learnings=[],
  @name="Myrmidon",
  @note="",
  @params=
   #<Table:0x00000000054795a0
    @data=
     [0,
      0,
      0,
      0,
      0,
      0,
      0,
      0,
      7,
      7,
      7,
      7,
      7,
      7,
      7,
      1,
      7,
      7,
      7,
      7,
      7,
      7,
      7,
      1,
      7,
      7,
      7,
      7,
      7,
      7,
      7,
      1,
      7,
      7,
      7,
      7,
      7,
      7,
      7,
      1,
      7,
      7,
      7,
      7,
      7,
      7,
      7,
      1,
      7,
      7,
      7,
      7,
      7,
      7,
      7,
      1,
      7,
      7,
      7,
      7,
      7,
      7,
      7,
      1,
      7,
      7,
      7,
      7,
      7,
      7,
      7,
      1,
      7,
      7,
      7,
      7,
      7,
      7,
      7,
      1,
      7,
      7,
      7,
      7,
      7,
      7,
      7,
      1,
      7,
      7,
      7,
      7,
      7,
      7,
      7,
      1,
      7,
      7,
      7,
      7,
      7,
      7,
      7,
      1,
      7,
      7,
      7,
      7,
      7,
      7,
      7,
      1,
      7,
      7,
      7,
      7,
      7,
      7,
      7,
      1,
      7,
      7,
      7,
      7,
      7,
      7,
      7,
      1,
      7,
      7,
      7,
      7,
      7,
      7,
      7,
      1,
      7,
      7,
      7,
      7,
      7,
      7,
      7,
      1,
      7,
      7,
      7,
      7,
      7,
      7,
      7,
      1,
      7,
      7,
      7,
      7,
      7,
      7,
      7,
      1,
      7,
      7,
      7,
      7,
      7,
      7,
      7,
      1,
      7,
      7,
      7,
      7,
      7,
      7,
      7,
      1,
      7,
      7,
      7,
      7,
      7,
      7,
      7,
      1,
      7,
      7,
      7,
      7,
      7,
      7,
      7,
      1,
      7,
      7,
      7,
      7,
      7,
      7,
      7,
      1,
      7,
      7,
      7,
      7,
      7,
      7,
      7,
      1,
      7,
      7,
      7,
      7,
      7,
      7,
      7,
      1,
      7,
      7,
      7,
      7,
      7,
      7,
      7,
      1,
      7,
      7,
      7,
      7,
      7,
      7,
      7,
      1,
      7,
      7,
      7,
      7,
      7,
      7,
      7,
      1,
      7,
      7,
      7,
      7,
      7,
      7,
      7,
      1,
      7,
      7,
      7,
      7,
      7,
      7,
      7,
      1,
      7,
      7,
      7,
      7,
      7,
      7,
      7,
      1,
      7,
      7,
      7,
      7,
      7,
      7,
      7,
      1,
      7,
      7,
      7,
      7,
      7,
      7,
      7,
      1,
      7,
      7,
      7,
      7,
      7,
      7,
      7,
      1,
      7,
      7,
      7,
      7,
      7,
      7,
      7,
      1,
      7,
      7,
      7,
      7,
      7,
      7,
      7,
      1,
      7,
      7,
      7,
      7,
      7,
      7,
      7,
      1,
      7,
      7,
      7,
      7,
      7,
      7,
      7,
      1,
      7,
      7,
      7,
      7,
      7,
      7,
      7,
      1,
      7,
      7,
      7,
      7,
      7,
      7,
      7,
      1,
      7,
      7,
      7,
      7,
      7,
      7,
      7,
      1,
      7,
      7,
      7,
      7,
      7,
      7,
      7,
      1,
      7,
      7,
      7,
      7,
      7,
      7,
      7,
      1,
      7,
      7,
      7,
      7,
      7,
      7,
      7,
      1,
      7,
      7,
      7,
      7,
      7,
      7,
      7,
      1,
      7,
      7,
      7,
      7,
      7,
      7,
      7,
      1,
      7,
      7,
      7,
      7,
      7,
      7,
      7,
      1,
      7,
      7,
      7,
      7,
      7,
      7,
      7,
      1,
      7,
      7,
      7,
      7,
      7,
      7,
      7,
      1,
      7,
      7,
      7,
      7,
      7,
      7,
      7,
      1,
      7,
      7,
      7,
      7,
      7,
      7,
      7,
      1,
      7,
      7,
      7,
      7,
      7,
      7,
      7,
      1,
      7,
      7,
      7,
      7,
      7,
      7,
      7,
      1,
      7,
      7,
      7,
      7,
      7,
      7,
      7,
      1,
      7,
      7,
      7,
      7,
      7,
      7,
      7,
      1,
      7,
      7,
      7,
      7,
      7,
      7,
      7,
      1,
      7,
      7,
      7,
      7,
      7,
      7,
      7,
      1,
      7,
      7,
      7,
      7,
      7,
      7,
      7,
      1,
      7,
      7,
      7,
      7,
      7,
      7,
      7,
      1,
      7,
      7,
      7,
      7,
      7,
      7,
      7,
      1,
      7,
      7,
      7,
      7,
      7,
      7,
      7,
      1,
      7,
      7,
      7,
      7,
      7,
      7,
      7,
      1,
      7,
      7,
      7,
      7,
      7,
      7,
      7,
      1,
      7,
      7,
      7,
      7,
      7,
      7,
      7,
      1,
      7,
      7,
      7,
      7,
      7,
      7,
      7,
      1,
      7,
      7,
      7,
      7,
      7,
      7,
      7,
      1,
      7,
      7,
      7,
      7,
      7,
      7,
      7,
      1,
      7,
      7,
      7,
      7,
      7,
      7,
      7,
      1,
      7,
      7,
      7,
      7,
      7,
      7,
      7,
      1,
      7,
      7,
      7,
      7,
      7,
      7,
      7,
      1,
      7,
      7,
      7,
      7,
      7,
      7,
      7,
      1,
      7,
      7,
      7,
      7,
      7,
      7,
      7,
      1,
      7,
      7,
      7,
      7,
      7,
      7,
      7,
      1,
      7,
      7,
      7,
      7,
      7,
      7,
      7,
      1,
      7,
      7,
      7,
      7,
      7,
      7,
      7,
      1,
      7,
      7,
      7,
      7,
      7,
      7,
      7,
      1,
      7,
      7,
      7,
      7,
      7,
      7,
      7,
      1,
      7,
      7,
      7,
      7,
      7,
      7,
      7,
      1,
      7,
      7,
      7,
      7,
      7,
      7,
      7,
      1,
      7,
      7,
      7,
      7,
      7,
      7,
      7,
      1,
      7,
      7,
      7,
      7,
      7,
      7,
      7,
      1,
      7,
      7,
      7,
      7,
      7,
      7,
      7,
      1,
      7,
      7,
      7,
      7,
      7,
      7,
      7,
      1,
      7,
      7,
      7,
      7,
      7,
      7,
      7,
      1,
      7,
      7,
      7,
      7,
      7,
      7,
      7,
      1,
      7,
      7,
      7,
      7,
      7,
      7,
      7,
      1,
      7,
      7,
      7,
      7,
      7,
      7,
      7,
      1,
      7,
      7,
      7,
      7,
      7,
      7,
      7,
      1,
      7,
      7,
      7,
      7,
      7,
      7,
      7,
      1,
      7,
      7,
      7,
      7,
      7,
      7,
      7,
      1,
      7,
      7,
      7,
      7,
      7,
      7,
      7,
      1,
      7,
      7,
      7,
      7,
      7,
      7,
      7,
      1,
      7,
      7,
      7,
      7,
      7,
      7,
      7,
      1,
      7,
      7,
      7,
      7,
      7,
      7,
      7,
      1,
      7,
      7,
      7,
      7,
      7,
      7,
      7,
      1,
      7,
      7,
      7,
      7,
      7,
      7,
      7,
      1,
      7,
      7,
      7,
      7,
      7,
      7,
      7,
      1,
      7,
      7,
      7,
      7,
      7,
      7,
      7,
      1],
    @dim=2,
    @x=8,
    @y=100,
    @z=1>>,
 #<RPG::Class:0x00000000054794b0
  @description="",
  @exp_params=[30, 20, 30, 30],
  @features=
   [#<RPG::BaseItem::Feature:0x0000000005479410
     @code=23,
     @data_id=0,
     @value=1>,
    #<RPG::BaseItem::Feature:0x00000000054793e8
     @code=22,
     @data_id=0,
     @value=0.95>,
    #<RPG::BaseItem::Feature:0x0000000005479398
     @code=22,
     @data_id=1,
     @value=0.05>,
    #<RPG::BaseItem::Feature:0x0000000005479348
     @code=22,
     @data_id=2,
     @value=0.04>,
    #<RPG::BaseItem::Feature:0x00000000054792f8
     @code=41,
     @data_id=5,
     @value=0.0>,
    #<RPG::BaseItem::Feature:0x00000000054792a8
     @code=51,
     @data_id=10,
     @value=0.0>,
    #<RPG::BaseItem::Feature:0x0000000005479258
     @code=52,
     @data_id=1,
     @value=0>,
    #<RPG::BaseItem::Feature:0x0000000005479230
     @code=43,
     @data_id=16,
     @value=0.0>],
  @icon_index=0,
  @id=8,
  @learnings=[],
  @name="Assassin",
  @note="",
  @params=
   #<Table:0x0000000005479190
    @data=
     [0,
      0,
      0,
      0,
      0,
      0,
      0,
      0,
      7,
      7,
      9,
      7,
      7,
      7,
      7,
      1,
      7,
      7,
      9,
      7,
      7,
      7,
      7,
      1,
      7,
      7,
      9,
      7,
      7,
      7,
      7,
      1,
      7,
      7,
      9,
      7,
      7,
      7,
      7,
      1,
      7,
      7,
      9,
      7,
      7,
      7,
      7,
      1,
      7,
      7,
      9,
      7,
      7,
      7,
      7,
      1,
      7,
      7,
      9,
      7,
      7,
      7,
      7,
      1,
      7,
      7,
      9,
      7,
      7,
      7,
      7,
      1,
      7,
      7,
      9,
      7,
      7,
      7,
      7,
      1,
      7,
      7,
      9,
      7,
      7,
      7,
      7,
      1,
      7,
      7,
      9,
      7,
      7,
      7,
      7,
      1,
      7,
      7,
      9,
      7,
      7,
      7,
      7,
      1,
      7,
      7,
      9,
      7,
      7,
      7,
      7,
      1,
      7,
      7,
      9,
      7,
      7,
      7,
      7,
      1,
      7,
      7,
      9,
      7,
      7,
      7,
      7,
      1,
      7,
      7,
      9,
      7,
      7,
      7,
      7,
      1,
      7,
      7,
      9,
      7,
      7,
      7,
      7,
      1,
      7,
      7,
      9,
      7,
      7,
      7,
      7,
      1,
      7,
      7,
      9,
      7,
      7,
      7,
      7,
      1,
      7,
      7,
      9,
      7,
      7,
      7,
      7,
      1,
      7,
      7,
      9,
      7,
      7,
      7,
      7,
      1,
      7,
      7,
      9,
      7,
      7,
      7,
      7,
      1,
      7,
      7,
      9,
      7,
      7,
      7,
      7,
      1,
      7,
      7,
      9,
      7,
      7,
      7,
      7,
      1,
      7,
      7,
      9,
      7,
      7,
      7,
      7,
      1,
      7,
      7,
      9,
      7,
      7,
      7,
      7,
      1,
      7,
      7,
      9,
      7,
      7,
      7,
      7,
      1,
      7,
      7,
      9,
      7,
      7,
      7,
      7,
      1,
      7,
      7,
      9,
      7,
      7,
      7,
      7,
      1,
      7,
      7,
      9,
      7,
      7,
      7,
      7,
      1,
      7,
      7,
      9,
      7,
      7,
      7,
      7,
      1,
      7,
      7,
      9,
      7,
      7,
      7,
      7,
      1,
      7,
      7,
      9,
      7,
      7,
      7,
      7,
      1,
      7,
      7,
      9,
      7,
      7,
      7,
      7,
      1,
      7,
      7,
      9,
      7,
      7,
      7,
      7,
      1,
      7,
      7,
      9,
      7,
      7,
      7,
      7,
      1,
      7,
      7,
      9,
      7,
      7,
      7,
      7,
      1,
      7,
      7,
      9,
      7,
      7,
      7,
      7,
      1,
      7,
      7,
      9,
      7,
      7,
      7,
      7,
      1,
      7,
      7,
      9,
      7,
      7,
      7,
      7,
      1,
      7,
      7,
      9,
      7,
      7,
      7,
      7,
      1,
      7,
      7,
      9,
      7,
      7,
      7,
      7,
      1,
      7,
      7,
      9,
      7,
      7,
      7,
      7,
      1,
      7,
      7,
      9,
      7,
      7,
      7,
      7,
      1,
      7,
      7,
      9,
      7,
      7,
      7,
      7,
      1,
      7,
      7,
      9,
      7,
      7,
      7,
      7,
      1,
      7,
      7,
      9,
      7,
      7,
      7,
      7,
      1,
      7,
      7,
      9,
      7,
      7,
      7,
      7,
      1,
      7,
      7,
      9,
      7,
      7,
      7,
      7,
      1,
      7,
      7,
      9,
      7,
      7,
      7,
      7,
      1,
      7,
      7,
      9,
      7,
      7,
      7,
      7,
      1,
      7,
      7,
      9,
      7,
      7,
      7,
      7,
      1,
      7,
      7,
      9,
      7,
      7,
      7,
      7,
      1,
      7,
      7,
      9,
      7,
      7,
      7,
      7,
      1,
      7,
      7,
      9,
      7,
      7,
      7,
      7,
      1,
      7,
      7,
      9,
      7,
      7,
      7,
      7,
      1,
      7,
      7,
      9,
      7,
      7,
      7,
      7,
      1,
      7,
      7,
      9,
      7,
      7,
      7,
      7,
      1,
      7,
      7,
      9,
      7,
      7,
      7,
      7,
      1,
      7,
      7,
      9,
      7,
      7,
      7,
      7,
      1,
      7,
      7,
      9,
      7,
      7,
      7,
      7,
      1,
      7,
      7,
      9,
      7,
      7,
      7,
      7,
      1,
      7,
      7,
      9,
      7,
      7,
      7,
      7,
      1,
      7,
      7,
      9,
      7,
      7,
      7,
      7,
      1,
      7,
      7,
      9,
      7,
      7,
      7,
      7,
      1,
      7,
      7,
      9,
      7,
      7,
      7,
      7,
      1,
      7,
      7,
      9,
      7,
      7,
      7,
      7,
      1,
      7,
      7,
      9,
      7,
      7,
      7,
      7,
      1,
      7,
      7,
      9,
      7,
      7,
      7,
      7,
      1,
      7,
      7,
      9,
      7,
      7,
      7,
      7,
      1,
      7,
      7,
      9,
      7,
      7,
      7,
      7,
      1,
      7,
      7,
      9,
      7,
      7,
      7,
      7,
      1,
      7,
      7,
      9,
      7,
      7,
      7,
      7,
      1,
      7,
      7,
      9,
      7,
      7,
      7,
      7,
      1,
      7,
      7,
      9,
      7,
      7,
      7,
      7,
      1,
      7,
      7,
      9,
      7,
      7,
      7,
      7,
      1,
      7,
      7,
      9,
      7,
      7,
      7,
      7,
      1,
      7,
      7,
      9,
      7,
      7,
      7,
      7,
      1,
      7,
      7,
      9,
      7,
      7,
      7,
      7,
      1,
      7,
      7,
      9,
      7,
      7,
      7,
      7,
      1,
      7,
      7,
      9,
      7,
      7,
      7,
      7,
      1,
      7,
      7,
      9,
      7,
      7,
      7,
      7,
      1,
      7,
      7,
      9,
      7,
      7,
      7,
      7,
      1,
      7,
      7,
      9,
      7,
      7,
      7,
      7,
      1,
      7,
      7,
      9,
      7,
      7,
      7,
      7,
      1,
      7,
      7,
      9,
      7,
      7,
      7,
      7,
      1,
      7,
      7,
      9,
      7,
      7,
      7,
      7,
      1,
      7,
      7,
      9,
      7,
      7,
      7,
      7,
      1,
      7,
      7,
      9,
      7,
      7,
      7,
      7,
      1,
      7,
      7,
      9,
      7,
      7,
      7,
      7,
      1,
      7,
      7,
      9,
      7,
      7,
      7,
      7,
      1,
      7,
      7,
      9,
      7,
      7,
      7,
      7,
      1,
      7,
      7,
      9,
      7,
      7,
      7,
      7,
      1,
      7,
      7,
      9,
      7,
      7,
      7,
      7,
      1,
      7,
      7,
      9,
      7,
      7,
      7,
      7,
      1,
      7,
      7,
      9,
      7,
      7,
      7,
      7,
      1,
      7,
      7,
      9,
      7,
      7,
      7,
      7,
      1,
      7,
      7,
      9,
      7,
      7,
      7,
      7,
      1,
      7,
      7,
      9,
      7,
      7,
      7,
      7,
      1],
    @dim=2,
    @x=8,
    @y=100,
    @z=1>>]
