#<RPG::Map:0x0000000005454bb0
 @autoplay_bgm=true,
 @autoplay_bgs=false,
 @battleback1_name="Cobblestones1",
 @battleback2_name="Stone1",
 @bgm=
  #<RPG::BGM:0x0000000005473470
   @name="HALO Main menu",
   @pitch=80,
   @volume=100>,
 @bgs=#<RPG::BGS:0x0000000005473060 @name="", @pitch=100, @volume=80>,
 @data=
  #<Table:0x0000000005473150
   @data=
    [1536,
     1536,
     1536,
     1536,
     1536,
     1536,
     1536,
     1536,
     1536,
     1536,
     1536,
     1536,
     1536,
     1536,
     1536,
     1536,
     1536,
     1536,
     1536,
     1536,
     1536,
     1536,
     1536,
     1536,
     1536,
     1536,
     1536,
     1536,
     1536,
     1536,
     1536,
     1536,
     1536,
     1536,
     1536,
     1536,
     1536,
     1536,
     1536,
     1536,
     1536,
     1536,
     1536,
     1536,
     1536,
     1536,
     1536,
     1536,
     1536,
     1536,
     1536,
     1536,
     1536,
     1536,
     6691,
     6689,
     6689,
     6689,
     6689,
     6689,
     6689,
     6689,
     6689,
     6689,
     6689,
     6689,
     6689,
     6689,
     6689,
     6689,
     6693,
     1536,
     1536,
     1536,
     1536,
     1536,
     1536,
     1536,
     6691,
     6695,
     7042,
     7042,
     7042,
     7042,
     7042,
     7042,
     7042,
     7042,
     7042,
     7042,
     7042,
     7042,
     7042,
     7042,
     7042,
     6697,
     6693,
     1536,
     1536,
     1536,
     1536,
     1536,
     6691,
     6695,
     7046,
     7048,
     7048,
     7048,
     7048,
     7048,
     7048,
     7048,
     7048,
     7048,
     7048,
     7048,
     7048,
     7048,
     7048,
     7048,
     7043,
     6697,
     6693,
     1536,
     1536,
     1536,
     1536,
     6688,
     7046,
     7052,
     1589,
     1589,
     1589,
     1589,
     1589,
     1589,
     1589,
     1589,
     1589,
     1589,
     1589,
     1645,
     1589,
     1589,
     1589,
     7049,
     7043,
     6688,
     1536,
     1536,
     1536,
     1536,
     6688,
     7052,
     1589,
     1645,
     1589,
     1589,
     1589,
     1589,
     1589,
     1589,
     1589,
     1589,
     1589,
     1589,
     1589,
     1589,
     1589,
     1589,
     1589,
     7049,
     6688,
     1536,
     1536,
     1536,
     1536,
     6688,
     1589,
     1589,
     1589,
     1589,
     6691,
     6689,
     6689,
     6701,
     1589,
     1589,
     1589,
     6699,
     6689,
     6689,
     6693,
     1589,
     1589,
     1589,
     1589,
     6688,
     1536,
     1536,
     1536,
     1536,
     6688,
     1589,
     1589,
     1589,
     6691,
     6695,
     7042,
     7042,
     7046,
     1608,
     1609,
     1610,
     7043,
     7042,
     7042,
     6697,
     6693,
     1645,
     1589,
     1589,
     6688,
     1536,
     1536,
     1536,
     1536,
     6688,
     1589,
     1589,
     1589,
     6688,
     7046,
     7040,
     7040,
     7044,
     1608,
     1609,
     1610,
     7041,
     7040,
     7040,
     7043,
     6688,
     1589,
     1589,
     1589,
     6688,
     1536,
     1536,
     1536,
     1536,
     6688,
     1589,
     1589,
     1589,
     6688,
     7044,
     7048,
     7048,
     7052,
     1608,
     1609,
     1610,
     7049,
     7048,
     7048,
     7041,
     6688,
     1589,
     1589,
     1589,
     6688,
     1536,
     1536,
     1536,
     1536,
     6688,
     1589,
     1589,
     1589,
     6688,
     7052,
     1589,
     1589,
     1589,
     1589,
     1589,
     1645,
     1589,
     1589,
     1589,
     7049,
     6688,
     1589,
     1589,
     1589,
     6688,
     1536,
     1536,
     1536,
     1536,
     6688,
     1589,
     1589,
     1589,
     6688,
     1645,
     1589,
     1589,
     1589,
     1589,
     1589,
     1589,
     1589,
     1589,
     1589,
     1589,
     6688,
     1589,
     1589,
     1589,
     6688,
     1536,
     1536,
     1536,
     1536,
     6688,
     1589,
     1589,
     1589,
     6688,
     1589,
     1589,
     1589,
     1589,
     1589,
     1589,
     1589,
     1589,
     1589,
     1589,
     1645,
     6688,
     1589,
     1589,
     1589,
     6688,
     1536,
     1536,
     1536,
     1536,
     6688,
     1589,
     1589,
     1589,
     6688,
     1589,
     1589,
     1589,
     1568,
     1568,
     1568,
     1568,
     1568,
     1589,
     1589,
     1589,
     6688,
     1589,
     1589,
     1645,
     6688,
     1536,
     1536,
     1536,
     1536,
     6688,
     1589,
     1589,
     1589,
     6688,
     1589,
     1589,
     1589,
     1568,
     1568,
     1568,
     1568,
     1568,
     1589,
     1589,
     1589,
     6688,
     1589,
     1589,
     1589,
     6688,
     1536,
     1536,
     1536,
     1536,
     6688,
     1645,
     1589,
     1589,
     6688,
     1589,
     1589,
     1589,
     1568,
     1568,
     1568,
     1568,
     1568,
     1589,
     1589,
     1589,
     6688,
     1589,
     1589,
     1589,
     6688,
     1536,
     1536,
     1536,
     1536,
     6688,
     1589,
     1589,
     1589,
     6688,
     1589,
     1589,
     1589,
     1568,
     1568,
     1568,
     1568,
     1568,
     1589,
     1589,
     1589,
     6688,
     1589,
     1589,
     1589,
     6688,
     1536,
     1536,
     1536,
     1536,
     6688,
     1589,
     1589,
     1589,
     6688,
     1589,
     1589,
     1589,
     1568,
     1568,
     1568,
     1568,
     1568,
     1589,
     1589,
     1589,
     6688,
     1589,
     1589,
     1589,
     6688,
     1536,
     1536,
     1536,
     1536,
     6688,
     1589,
     1589,
     1589,
     6688,
     1589,
     1589,
     1589,
     1589,
     1589,
     1589,
     1645,
     1589,
     1589,
     1589,
     1589,
     6688,
     1589,
     1589,
     1589,
     6688,
     1536,
     1536,
     1536,
     1536,
     6688,
     1589,
     1589,
     1589,
     6688,
     1589,
     1645,
     1589,
     1589,
     1589,
     1589,
     1589,
     1589,
     1589,
     1589,
     1589,
     6688,
     1589,
     1589,
     1589,
     6688,
     1536,
     1536,
     1536,
     1536,
     6688,
     1589,
     1589,
     1589,
     6697,
     6693,
     1589,
     1589,
     1589,
     1589,
     1589,
     1589,
     1589,
     1589,
     1645,
     6691,
     6695,
     1589,
     1589,
     1589,
     6688,
     1536,
     1536,
     1536,
     1536,
     6688,
     1589,
     1589,
     1589,
     7051,
     6697,
     6689,
     6689,
     6689,
     6689,
     6689,
     6689,
     6689,
     6689,
     6689,
     6695,
     7054,
     1589,
     1589,
     1589,
     6688,
     1536,
     1536,
     1536,
     1536,
     6688,
     1589,
     1589,
     1589,
     1645,
     7051,
     7050,
     7050,
     7050,
     7050,
     7050,
     7050,
     7050,
     7050,
     7050,
     7054,
     1589,
     1589,
     1589,
     1589,
     6688,
     1536,
     1536,
     1536,
     1536,
     6697,
     6693,
     1589,
     1589,
     1589,
     1589,
     1589,
     1589,
     1589,
     1589,
     1589,
     1589,
     1589,
     1589,
     1589,
     1589,
     1589,
     1589,
     1645,
     6691,
     6695,
     1536,
     1536,
     1536,
     1536,
     7043,
     6697,
     6693,
     1589,
     1589,
     1589,
     1589,
     1589,
     1589,
     1589,
     1589,
     1589,
     1589,
     1589,
     1589,
     1589,
     1589,
     1589,
     6691,
     6695,
     7046,
     1536,
     1536,
     1536,
     1536,
     7049,
     7043,
     6697,
     6689,
     6689,
     6689,
     6689,
     6689,
     6689,
     6701,
     1589,
     6699,
     6689,
     6689,
     6689,
     6689,
     6689,
     6689,
     6695,
     7046,
     7052,
     1536,
     1536,
     1536,
     1536,
     1536,
     7049,
     7043,
     7042,
     7042,
     7042,
     7042,
     7042,
     7042,
     7046,
     1589,
     7043,
     7042,
     7042,
     7042,
     7042,
     7042,
     7042,
     7046,
     7052,
     1536,
     1536,
     1536,
     1536,
     1536,
     1536,
     1536,
     7049,
     7048,
     7048,
     7048,
     7048,
     7048,
     7048,
     7052,
     1589,
     7049,
     7048,
     7048,
     7048,
     7048,
     7048,
     7048,
     7052,
     1536,
     1536,
     1536,
     1536,
     1536,
     1536,
     1536,
     1536,
     1536,
     1536,
     1536,
     1536,
     1536,
     1536,
     1536,
     1536,
     1536,
     1536,
     1536,
     1536,
     1536,
     1536,
     1536,
     1536,
     1536,
     1536,
     1536,
     1536,
     1536,
     1536,
     1536,
     1536,
     1536,
     1536,
     1536,
     1536,
     1536,
     1536,
     1536,
     1536,
     1536,
     1536,
     1536,
     1536,
     1536,
     1536,
     1536,
     1536,
     1536,
     1536,
     1536,
     1536,
     1536,
     1536,
     0,
     0,
     0,
     0,
     0,
     0,
     0,
     0,
     0,
     0,
     0,
     0,
     0,
     0,
     0,
     0,
     0,
     0,
     0,
     0,
     0,
     0,
     0,
     0,
     0,
     0,
     0,
     0,
     0,
     0,
     0,
     0,
     0,
     0,
     0,
     0,
     0,
     0,
     0,
     0,
     0,
     0,
     0,
     0,
     0,
     0,
     0,
     0,
     0,
     0,
     0,
     0,
     0,
     0,
     0,
     0,
     0,
     0,
     0,
     0,
     0,
     0,
     0,
     0,
     0,
     0,
     0,
     0,
     0,
     0,
     0,
     0,
     0,
     0,
     0,
     0,
     0,
     0,
     0,
     0,
     0,
     0,
     0,
     0,
     0,
     0,
     0,
     0,
     0,
     0,
     0,
     0,
     0,
     0,
     0,
     0,
     0,
     0,
     0,
     0,
     0,
     0,
     0,
     0,
     0,
     0,
     0,
     0,
     0,
     0,
     0,
     0,
     0,
     0,
     0,
     0,
     0,
     0,
     0,
     0,
     0,
     0,
     0,
     0,
     0,
     0,
     0,
     0,
     0,
     0,
     0,
     0,
     0,
     0,
     0,
     0,
     0,
     0,
     0,
     0,
     0,
     0,
     0,
     0,
     0,
     0,
     0,
     0,
     0,
     0,
     0,
     0,
     0,
     0,
     0,
     0,
     0,
     0,
     0,
     0,
     0,
     0,
     0,
     0,
     0,
     0,
     0,
     0,
     0,
     0,
     0,
     0,
     0,
     0,
     0,
     0,
     0,
     0,
     0,
     0,
     0,
     0,
     0,
     0,
     0,
     0,
     0,
     0,
     0,
     0,
     0,
     0,
     0,
     0,
     0,
     0,
     0,
     0,
     0,
     0,
     0,
     0,
     0,
     0,
     0,
     0,
     0,
     0,
     0,
     0,
     0,
     0,
     0,
     0,
     0,
     0,
     0,
     0,
     0,
     0,
     0,
     0,
     0,
     0,
     0,
     0,
     0,
     0,
     0,
     0,
     0,
     0,
     0,
     0,
     0,
     0,
     0,
     0,
     0,
     0,
     0,
     0,
     0,
     0,
     0,
     0,
     0,
     0,
     0,
     0,
     0,
     0,
     0,
     0,
     0,
     0,
     0,
     0,
     0,
     0,
     0,
     0,
     0,
     0,
     0,
     0,
     0,
     0,
     0,
     0,
     0,
     0,
     0,
     0,
     0,
     0,
     0,
     0,
     0,
     0,
     0,
     0,
     0,
     0,
     0,
     0,
     0,
     0,
     0,
     0,
     0,
     0,
     0,
     0,
     0,
     0,
     0,
     0,
     0,
     0,
     0,
     0,
     0,
     0,
     0,
     0,
     0,
     0,
     0,
     0,
     0,
     0,
     0,
     0,
     0,
     0,
     0,
     0,
     0,
     0,
     0,
     0,
     0,
     0,
     0,
     0,
     0,
     0,
     0,
     0,
     0,
     0,
     0,
     0,
     0,
     0,
     0,
     0,
     0,
     0,
     0,
     0,
     0,
     0,
     0,
     0,
     0,
     0,
     0,
     0,
     0,
     0,
     0,
     0,
     0,
     0,
     0,
     0,
     0,
     0,
     4290,
     4276,
     4276,
     4276,
     4292,
     0,
     0,
     0,
     0,
     0,
     0,
     0,
     0,
     0,
     0,
     0,
     0,
     0,
     0,
     0,
     0,
     0,
     0,
     0,
     0,
     4272,
     4256,
     4256,
     4256,
     4280,
     0,
     0,
     0,
     0,
     0,
     0,
     0,
     0,
     0,
     0,
     0,
     0,
     0,
     0,
     0,
     0,
     0,
     0,
     0,
     0,
     4272,
     4256,
     4256,
     4256,
     4280,
     0,
     0,
     0,
     0,
     0,
     0,
     0,
     0,
     0,
     0,
     0,
     0,
     0,
     0,
     0,
     0,
     0,
     0,
     0,
     0,
     4272,
     4256,
     4256,
     4256,
     4280,
     0,
     0,
     0,
     0,
     0,
     0,
     0,
     0,
     0,
     0,
     0,
     0,
     0,
     0,
     0,
     0,
     0,
     0,
     0,
     0,
     4296,
     4284,
     4284,
     4284,
     4294,
     0,
     0,
     0,
     0,
     0,
     0,
     0,
     0,
     0,
     0,
     0,
     0,
     0,
     0,
     0,
     0,
     0,
     0,
     0,
     0,
     0,
     0,
     0,
     0,
     0,
     0,
     0,
     0,
     0,
     0,
     0,
     0,
     0,
     0,
     0,
     0,
     0,
     0,
     0,
     0,
     0,
     0,
     0,
     0,
     0,
     0,
     0,
     0,
     0,
     0,
     0,
     0,
     0,
     0,
     0,
     0,
     0,
     0,
     0,
     0,
     0,
     0,
     0,
     0,
     0,
     0,
     0,
     0,
     0,
     0,
     0,
     0,
     0,
     0,
     0,
     0,
     0,
     0,
     0,
     0,
     0,
     0,
     0,
     0,
     0,
     0,
     0,
     0,
     0,
     0,
     0,
     0,
     0,
     0,
     0,
     0,
     0,
     0,
     0,
     0,
     0,
     0,
     0,
     0,
     0,
     0,
     0,
     0,
     0,
     0,
     0,
     0,
     0,
     0,
     0,
     0,
     0,
     0,
     0,
     0,
     0,
     0,
     0,
     0,
     0,
     0,
     0,
     0,
     0,
     0,
     0,
     0,
     0,
     0,
     0,
     0,
     0,
     0,
     0,
     0,
     0,
     0,
     0,
     0,
     0,
     0,
     0,
     0,
     0,
     0,
     0,
     0,
     0,
     0,
     0,
     0,
     0,
     0,
     0,
     0,
     0,
     0,
     0,
     0,
     0,
     0,
     0,
     0,
     0,
     0,
     0,
     0,
     0,
     0,
     0,
     0,
     0,
     0,
     0,
     0,
     0,
     0,
     0,
     0,
     0,
     0,
     0,
     0,
     0,
     0,
     0,
     0,
     0,
     0,
     0,
     0,
     0,
     0,
     0,
     0,
     0,
     0,
     0,
     0,
     0,
     0,
     0,
     0,
     0,
     0,
     0,
     0,
     0,
     0,
     0,
     0,
     0,
     0,
     0,
     0,
     0,
     0,
     0,
     0,
     0,
     0,
     0,
     0,
     0,
     0,
     0,
     0,
     0,
     0,
     0,
     0,
     0,
     0,
     0,
     0,
     0,
     0,
     0,
     0,
     0,
     0,
     0,
     0,
     0,
     0,
     0,
     0,
     0,
     0,
     0,
     0,
     0,
     0,
     0,
     0,
     0,
     0,
     0,
     0,
     0,
     0,
     0,
     0,
     0,
     0,
     0,
     0,
     0,
     0,
     0,
     0,
     0,
     0,
     0,
     0,
     0,
     0,
     0,
     0,
     0,
     0,
     0,
     0,
     0,
     0,
     0,
     0,
     0,
     0,
     0,
     0,
     0,
     0,
     0,
     0,
     0,
     0,
     0,
     0,
     0,
     0,
     0,
     0,
     0,
     0,
     0,
     0,
     0,
     0,
     0,
     0,
     0,
     0,
     0,
     0,
     0,
     0,
     0,
     0,
     0,
     0,
     0,
     0,
     0,
     0,
     0,
     0,
     0,
     0,
     0,
     0,
     0,
     0,
     0,
     0,
     0,
     0,
     0,
     0,
     0,
     0,
     0,
     0,
     0,
     0,
     0,
     0,
     0,
     0,
     0,
     0,
     0,
     0,
     0,
     0,
     0,
     0,
     0,
     0,
     0,
     0,
     0,
     0,
     0,
     0,
     0,
     0,
     0,
     0,
     0,
     0,
     0,
     0,
     0,
     0,
     0,
     0,
     0,
     0,
     0,
     0,
     0,
     0,
     0,
     0,
     0,
     256,
     0,
     0,
     0,
     256,
     0,
     0,
     0,
     256,
     0,
     0,
     0,
     256,
     0,
     0,
     0,
     0,
     0,
     0,
     0,
     0,
     0,
     0,
     0,
     0,
     264,
     0,
     0,
     0,
     264,
     0,
     0,
     0,
     264,
     0,
     0,
     0,
     264,
     0,
     0,
     0,
     0,
     0,
     0,
     0,
     0,
     0,
     0,
     0,
     0,
     272,
     0,
     0,
     0,
     272,
     0,
     67,
     0,
     272,
     0,
     0,
     0,
     272,
     0,
     0,
     0,
     0,
     0,
     0,
     0,
     0,
     0,
     0,
     0,
     0,
     0,
     0,
     0,
     0,
     0,
     0,
     75,
     0,
     0,
     0,
     0,
     0,
     0,
     0,
     0,
     0,
     0,
     0,
     0,
     0,
     0,
     0,
     0,
     0,
     0,
     0,
     0,
     0,
     0,
     0,
     0,
     0,
     0,
     0,
     0,
     0,
     0,
     0,
     0,
     0,
     0,
     0,
     0,
     0,
     0,
     0,
     0,
     0,
     81,
     0,
     0,
     0,
     0,
     256,
     0,
     0,
     0,
     0,
     0,
     256,
     0,
     0,
     0,
     0,
     81,
     0,
     0,
     0,
     0,
     0,
     0,
     0,
     0,
     89,
     0,
     0,
     0,
     0,
     264,
     0,
     0,
     0,
     0,
     0,
     264,
     0,
     0,
     0,
     0,
     89,
     0,
     0,
     0,
     0,
     0,
     0,
     0,
     0,
     0,
     0,
     0,
     0,
     0,
     264,
     0,
     0,
     0,
     0,
     0,
     264,
     0,
     0,
     0,
     0,
     0,
     0,
     0,
     0,
     0,
     0,
     0,
     0,
     0,
     81,
     0,
     0,
     0,
     0,
     272,
     0,
     0,
     0,
     0,
     0,
     272,
     0,
     0,
     0,
     0,
     81,
     0,
     0,
     0,
     0,
     0,
     0,
     0,
     0,
     89,
     0,
     0,
     0,
     0,
     81,
     0,
     0,
     0,
     0,
     0,
     81,
     0,
     0,
     0,
     0,
     89,
     0,
     0,
     0,
     0,
     0,
     0,
     0,
     0,
     0,
     0,
     0,
     0,
     0,
     89,
     0,
     0,
     0,
     0,
     0,
     89,
     0,
     0,
     0,
     0,
     0,
     0,
     0,
     0,
     0,
     0,
     0,
     0,
     0,
     81,
     0,
     0,
     0,
     0,
     0,
     0,
     0,
     0,
     0,
     0,
     0,
     0,
     0,
     0,
     0,
     81,
     0,
     0,
     0,
     0,
     0,
     0,
     0,
     0,
     89,
     0,
     0,
     0,
     185,
     0,
     0,
     336,
     337,
     338,
     0,
     0,
     186,
     0,
     0,
     0,
     89,
     0,
     0,
     0,
     0,
     0,
     0,
     0,
     0,
     0,
     0,
     0,
     0,
     193,
     0,
     0,
     344,
     345,
     346,
     0,
     0,
     194,
     0,
     0,
     0,
     0,
     0,
     0,
     0,
     0,
     0,
     0,
     0,
     0,
     81,
     0,
     0,
     0,
     0,
     0,
     0,
     352,
     353,
     354,
     0,
     0,
     0,
     0,
     0,
     0,
     81,
     0,
     0,
     0,
     0,
     0,
     0,
     0,
     0,
     89,
     0,
     0,
     0,
     0,
     81,
     0,
     0,
     0,
     0,
     0,
     81,
     0,
     0,
     0,
     0,
     89,
     0,
     0,
     0,
     0,
     0,
     0,
     0,
     0,
     0,
     0,
     0,
     0,
     0,
     89,
     0,
     0,
     0,
     0,
     0,
     89,
     0,
     0,
     0,
     0,
     0,
     0,
     0,
     0,
     0,
     0,
     0,
     0,
     0,
     81,
     0,
     0,
     0,
     0,
     0,
     0,
     0,
     0,
     0,
     0,
     0,
     0,
     0,
     0,
     0,
     81,
     0,
     0,
     0,
     0,
     0,
     0,
     0,
     0,
     89,
     0,
     0,
     0,
     0,
     304,
     0,
     0,
     304,
     0,
     0,
     304,
     0,
     0,
     0,
     0,
     89,
     0,
     0,
     0,
     0,
     0,
     0,
     0,
     0,
     0,
     0,
     0,
     0,
     0,
     0,
     0,
     0,
     0,
     0,
     0,
     0,
     0,
     0,
     0,
     0,
     0,
     0,
     0,
     0,
     0,
     0,
     0,
     0,
     0,
     0,
     0,
     0,
     0,
     0,
     0,
     0,
     0,
     0,
     0,
     0,
     0,
     0,
     0,
     0,
     0,
     0,
     0,
     0,
     0,
     0,
     0,
     0,
     0,
     0,
     0,
     0,
     0,
     0,
     0,
     0,
     0,
     0,
     0,
     0,
     0,
     0,
     0,
     0,
     0,
     0,
     0,
     0,
     0,
     0,
     0,
     0,
     0,
     0,
     0,
     0,
     0,
     304,
     0,
     0,
     0,
     304,
     0,
     0,
     0,
     304,
     0,
     0,
     0,
     304,
     0,
     0,
     0,
     0,
     0,
     0,
     0,
     0,
     0,
     0,
     0,
     0,
     0,
     0,
     0,
     0,
     0,
     0,
     0,
     0,
     0,
     0,
     0,
     0,
     0,
     0,
     0,
     0,
     0,
     0,
     0,
     0,
     0,
     0,
     0,
     0,
     0,
     0,
     0,
     0,
     0,
     0,
     0,
     0,
     0,
     0,
     0,
     0,
     0,
     0,
     0,
     0,
     0,
     0,
     0,
     0,
     0,
     0,
     0,
     0,
     0,
     0,
     0,
     0,
     0,
     0,
     0,
     0,
     0,
     0,
     0,
     0,
     0,
     0,
     0,
     0,
     0,
     0,
     0,
     0,
     0,
     0,
     0,
     0,
     0,
     0,
     0,
     0,
     0,
     0,
     0,
     0,
     0,
     0,
     0,
     0,
     0,
     0,
     0,
     0,
     0,
     0,
     0,
     0,
     0,
     0,
     0,
     0,
     0,
     0,
     0,
     0,
     0,
     0,
     0,
     0,
     0,
     0,
     0,
     0,
     0,
     0,
     0,
     0,
     0,
     0,
     0,
     0,
     0,
     0,
     0,
     0,
     0,
     0,
     0,
     0,
     0,
     0,
     0,
     0,
     0,
     0,
     0,
     0,
     0,
     0,
     0,
     0,
     0,
     0,
     0,
     0,
     0,
     0,
     0,
     0,
     0,
     0,
     0,
     0,
     0,
     0,
     0,
     0,
     0,
     0,
     0,
     0,
     0,
     0,
     0,
     0,
     0,
     0,
     0,
     0,
     0,
     0,
     0,
     0,
     0,
     0,
     0,
     0,
     0,
     0,
     0,
     0,
     0,
     0,
     0,
     0,
     0,
     0,
     0,
     0,
     0,
     0,
     0,
     0,
     0,
     0,
     0,
     0,
     0,
     0,
     0,
     0,
     0,
     0,
     0,
     0,
     0,
     0,
     0,
     0,
     0,
     0,
     0,
     0,
     0,
     0,
     0,
     0,
     0,
     0,
     0,
     0,
     0,
     0,
     0,
     0,
     0,
     0,
     0,
     0,
     0,
     0,
     0,
     0,
     0,
     0,
     0,
     0,
     0,
     0,
     0,
     0,
     0,
     0,
     0,
     0,
     0,
     0,
     0,
     0,
     0,
     0,
     0,
     0,
     0,
     5,
     0,
     0,
     0,
     0,
     0,
     0,
     0,
     0,
     0,
     0,
     0,
     0,
     0,
     0,
     0,
     0,
     0,
     5,
     0,
     0,
     0,
     0,
     0,
     5,
     0,
     0,
     0,
     0,
     0,
     0,
     0,
     0,
     0,
     0,
     0,
     0,
     0,
     0,
     0,
     0,
     0,
     0,
     5,
     0,
     0,
     0,
     0,
     5,
     0,
     0,
     0,
     0,
     0,
     0,
     0,
     0,
     0,
     0,
     0,
     0,
     0,
     0,
     0,
     0,
     0,
     0,
     0,
     5,
     0,
     0,
     0,
     0,
     5,
     0,
     0,
     0,
     0,
     0,
     0,
     0,
     5,
     0,
     0,
     0,
     0,
     0,
     0,
     0,
     0,
     0,
     0,
     0,
     5,
     0,
     0,
     0,
     0,
     5,
     0,
     0,
     0,
     0,
     0,
     0,
     0,
     5,
     0,
     0,
     0,
     0,
     0,
     0,
     0,
     5,
     0,
     0,
     0,
     5,
     0,
     0,
     0,
     0,
     5,
     0,
     0,
     0,
     0,
     0,
     0,
     0,
     5,
     0,
     0,
     0,
     0,
     0,
     0,
     0,
     5,
     0,
     0,
     0,
     5,
     0,
     0,
     0,
     0,
     5,
     0,
     0,
     0,
     0,
     5,
     0,
     0,
     0,
     0,
     0,
     0,
     0,
     0,
     0,
     0,
     5,
     0,
     0,
     0,
     5,
     0,
     0,
     0,
     0,
     5,
     0,
     0,
     0,
     5,
     0,
     0,
     0,
     0,
     0,
     0,
     0,
     0,
     0,
     0,
     0,
     5,
     0,
     0,
     0,
     5,
     0,
     0,
     0,
     0,
     5,
     0,
     0,
     0,
     5,
     0,
     0,
     0,
     0,
     0,
     0,
     0,
     0,
     0,
     0,
     0,
     5,
     0,
     0,
     0,
     5,
     0,
     0,
     0,
     0,
     5,
     0,
     0,
     0,
     5,
     0,
     0,
     0,
     0,
     0,
     0,
     0,
     0,
     0,
     0,
     0,
     5,
     0,
     0,
     0,
     5,
     0,
     0,
     0,
     0,
     5,
     0,
     0,
     0,
     5,
     0,
     0,
     0,
     0,
     0,
     0,
     0,
     0,
     0,
     0,
     0,
     5,
     0,
     0,
     0,
     5,
     0,
     0,
     0,
     0,
     5,
     0,
     0,
     0,
     5,
     0,
     0,
     0,
     0,
     0,
     0,
     0,
     0,
     0,
     0,
     0,
     5,
     0,
     0,
     0,
     5,
     0,
     0,
     0,
     0,
     5,
     0,
     0,
     0,
     5,
     0,
     0,
     0,
     0,
     0,
     0,
     0,
     0,
     0,
     0,
     0,
     5,
     0,
     0,
     0,
     5,
     0,
     0,
     0,
     0,
     5,
     0,
     0,
     0,
     5,
     0,
     0,
     0,
     0,
     0,
     0,
     0,
     0,
     0,
     0,
     0,
     5,
     0,
     0,
     0,
     5,
     0,
     0,
     0,
     0,
     5,
     0,
     0,
     0,
     5,
     0,
     0,
     0,
     0,
     0,
     0,
     0,
     0,
     0,
     0,
     0,
     5,
     0,
     0,
     0,
     5,
     0,
     0,
     0,
     0,
     5,
     0,
     0,
     0,
     5,
     0,
     0,
     0,
     0,
     0,
     0,
     0,
     0,
     0,
     0,
     0,
     5,
     0,
     0,
     0,
     5,
     0,
     0,
     0,
     0,
     5,
     0,
     0,
     0,
     0,
     0,
     0,
     0,
     0,
     0,
     0,
     0,
     0,
     0,
     0,
     0,
     5,
     0,
     0,
     0,
     5,
     0,
     0,
     0,
     0,
     5,
     0,
     0,
     0,
     0,
     0,
     0,
     0,
     0,
     0,
     0,
     0,
     0,
     0,
     0,
     0,
     5,
     0,
     0,
     0,
     5,
     0,
     0,
     0,
     0,
     5,
     0,
     0,
     0,
     0,
     0,
     0,
     0,
     0,
     0,
     0,
     0,
     0,
     0,
     0,
     5,
     0,
     0,
     0,
     0,
     5,
     0,
     0,
     0,
     0,
     0,
     0,
     0,
     0,
     0,
     0,
     0,
     0,
     0,
     0,
     0,
     0,
     0,
     0,
     0,
     0,
     0,
     0,
     0,
     0,
     5,
     0,
     0,
     0,
     0,
     0,
     0,
     0,
     0,
     0,
     0,
     0,
     0,
     0,
     0,
     0,
     0,
     0,
     0,
     0,
     0,
     0,
     0,
     0,
     0,
     5,
     0,
     0,
     0,
     0,
     0,
     0,
     0,
     0,
     0,
     0,
     0,
     0,
     0,
     0,
     0,
     0,
     0,
     0,
     0,
     0,
     0,
     0,
     0,
     0,
     5,
     0,
     0,
     0,
     0,
     0,
     0,
     0,
     0,
     0,
     0,
     0,
     0,
     0,
     5,
     0,
     0,
     0,
     0,
     0,
     0,
     0,
     0,
     0,
     5,
     0,
     0,
     0,
     0,
     0,
     0,
     0,
     0,
     0,
     0,
     0,
     0,
     0,
     0,
     5,
     0,
     0,
     0,
     0,
     0,
     0,
     0,
     0,
     5,
     0,
     0,
     0,
     0,
     0,
     0,
     0,
     0,
     0,
     0,
     0,
     0,
     0,
     0,
     0,
     0,
     0,
     0,
     0,
     0,
     0,
     0,
     0,
     0,
     0,
     0,
     0,
     0,
     0,
     0,
     0,
     0,
     0,
     0,
     0,
     0,
     0,
     0,
     0,
     0,
     0,
     0,
     0,
     0,
     0,
     0,
     0,
     0,
     0,
     0,
     0,
     0,
     0],
   @dim=3,
   @x=25,
   @y=31,
   @z=4>,
 @disable_dashing=true,
 @display_name="",
 @encounter_list=[],
 @encounter_step=30,
 @events=
  {1=>
    #<RPG::Event:0x0000000005454a48
     @id=1,
     @name="Matthew",
     @pages=
      [#<RPG::Event::Page:0x0000000005454868
        @condition=
         #<RPG::Event::Page::Condition:0x00000000054547f0
          @actor_id=1,
          @actor_valid=false,
          @item_id=1,
          @item_valid=false,
          @self_switch_ch="A",
          @self_switch_valid=false,
          @switch1_id=1,
          @switch1_valid=false,
          @switch2_id=1,
          @switch2_valid=false,
          @variable_id=1,
          @variable_valid=false,
          @variable_value=0>,
        @direction_fix=false,
        @graphic=
         #<RPG::Event::Page::Graphic:0x00000000054540e8
          @character_index=5,
          @character_name="Monster1",
          @direction=2,
          @pattern=1,
          @tile_id=0>,
        @list=
         [#<RPG::EventCommand:0x0000000005467580
           @code=101,
           @indent=0,
           @parameters=["Actor5", 2, 0, 2]>,
          #<RPG::EventCommand:0x00000000054674e0
           @code=401,
           @indent=0,
           @parameters=["Excuse me...who are you?"]>,
          #<RPG::EventCommand:0x0000000005467468
           @code=101,
           @indent=0,
           @parameters=["Evil", 4, 0, 2]>,
          #<RPG::EventCommand:0x00000000054673f0
           @code=401,
           @indent=0,
           @parameters=["..."]>,
          #<RPG::EventCommand:0x0000000005467378
           @code=101,
           @indent=0,
           @parameters=["Actor4", 0, 0, 2]>,
          #<RPG::EventCommand:0x0000000005467300
           @code=401,
           @indent=0,
           @parameters=["Brae...I got a feeling he ain't got good"]>,
          #<RPG::EventCommand:0x0000000005467288
           @code=401,
           @indent=0,
           @parameters=["intent."]>,
          #<RPG::EventCommand:0x0000000005467210
           @code=101,
           @indent=0,
           @parameters=["Evil", 4, 0, 2]>,
          #<RPG::EventCommand:0x0000000005467198
           @code=401,
           @indent=0,
           @parameters=["...you two come from the Marisphere,"]>,
          #<RPG::EventCommand:0x0000000005467120
           @code=401,
           @indent=0,
           @parameters=["right?"]>,
          #<RPG::EventCommand:0x00000000054670a8
           @code=101,
           @indent=0,
           @parameters=["Actor5", 2, 0, 2]>,
          #<RPG::EventCommand:0x0000000005467030
           @code=401,
           @indent=0,
           @parameters=["Y-yeah, why?"]>,
          #<RPG::EventCommand:0x0000000005466fb8
           @code=101,
           @indent=0,
           @parameters=["Evil", 4, 0, 2]>,
          #<RPG::EventCommand:0x0000000005466f40
           @code=401,
           @indent=0,
           @parameters=["You are not supposed to be here."]>,
          #<RPG::EventCommand:0x0000000005466ec8
           @code=101,
           @indent=0,
           @parameters=["Actor4", 0, 0, 2]>,
          #<RPG::EventCommand:0x0000000005466e50
           @code=401,
           @indent=0,
           @parameters=["What are ya talkin' 'bou--"]>,
          #<RPG::EventCommand:0x0000000005466dd8
           @code=101,
           @indent=0,
           @parameters=["Evil", 4, 0, 2]>,
          #<RPG::EventCommand:0x0000000005466d60
           @code=401,
           @indent=0,
           @parameters=["ENOUGH!"]>,
          #<RPG::EventCommand:0x0000000005466ce8
           @code=213,
           @indent=0,
           @parameters=[-1, 8, false]>,
          #<RPG::EventCommand:0x0000000005466c98
           @code=101,
           @indent=0,
           @parameters=["Evil", 4, 0, 2]>,
          #<RPG::EventCommand:0x0000000005466c20
           @code=401,
           @indent=0,
           @parameters=["This warp pad is weak and low on power."]>,
          #<RPG::EventCommand:0x0000000005466ba8
           @code=101,
           @indent=0,
           @parameters=["Evil", 4, 0, 2]>,
          #<RPG::EventCommand:0x0000000005466b80
           @code=401,
           @indent=0,
           @parameters=["I won't allow you to leave."]>,
          #<RPG::EventCommand:0x0000000005466b08
           @code=101,
           @indent=0,
           @parameters=["Evil", 4, 0, 2]>,
          #<RPG::EventCommand:0x0000000005466ae0
           @code=401,
           @indent=0,
           @parameters=["I am more important then anyone here."]>,
          #<RPG::EventCommand:0x0000000005466a68
           @code=101,
           @indent=0,
           @parameters=["Actor4", 0, 0, 2]>,
          #<RPG::EventCommand:0x00000000054669f0
           @code=401,
           @indent=0,
           @parameters=["'N what makes you say that?"]>,
          #<RPG::EventCommand:0x0000000005466978
           @code=101,
           @indent=0,
           @parameters=["Evil", 4, 0, 2]>,
          #<RPG::EventCommand:0x0000000005466900
           @code=401,
           @indent=0,
           @parameters=["I CREATED THIS WORLD!"]>,
          #<RPG::EventCommand:0x0000000005466888
           @code=230,
           @indent=0,
           @parameters=[60]>,
          #<RPG::EventCommand:0x0000000005466838
           @code=213,
           @indent=0,
           @parameters=[-1, 8, false]>,
          #<RPG::EventCommand:0x00000000054667e8
           @code=101,
           @indent=0,
           @parameters=["Evil", 4, 0, 2]>,
          #<RPG::EventCommand:0x0000000005466770
           @code=401,
           @indent=0,
           @parameters=["Me and Professor Silver created the"]>,
          #<RPG::EventCommand:0x00000000054666f8
           @code=401,
           @indent=0,
           @parameters=["Marisphere years ago."]>,
          #<RPG::EventCommand:0x0000000005466680
           @code=101,
           @indent=0,
           @parameters=["Evil", 4, 0, 2]>,
          #<RPG::EventCommand:0x0000000005466658
           @code=401,
           @indent=0,
           @parameters=["Had I known he would LEAVE ME here,"]>,
          #<RPG::EventCommand:0x00000000054665e0
           @code=401,
           @indent=0,
           @parameters=["I would have never done it..."]>,
          #<RPG::EventCommand:0x0000000005466568
           @code=101,
           @indent=0,
           @parameters=["Evil", 4, 0, 2]>,
          #<RPG::EventCommand:0x0000000005466540
           @code=401,
           @indent=0,
           @parameters=["Once things went wrong I knew it was"]>,
          #<RPG::EventCommand:0x00000000054664c8
           @code=401,
           @indent=0,
           @parameters=["the end for me."]>,
          #<RPG::EventCommand:0x0000000005466450
           @code=101,
           @indent=0,
           @parameters=["Evil", 4, 0, 2]>,
          #<RPG::EventCommand:0x0000000005466428
           @code=401,
           @indent=0,
           @parameters=["But this warp pad..."]>,
          #<RPG::EventCommand:0x00000000054663b0
           @code=101,
           @indent=0,
           @parameters=["Evil", 4, 0, 2]>,
          #<RPG::EventCommand:0x0000000005466388
           @code=401,
           @indent=0,
           @parameters=["I can climb back out from the depths"]>,
          #<RPG::EventCommand:0x0000000005466310
           @code=401,
           @indent=0,
           @parameters=["of hell with this!"]>,
          #<RPG::EventCommand:0x0000000005466298
           @code=101,
           @indent=0,
           @parameters=["Evil", 4, 0, 2]>,
          #<RPG::EventCommand:0x0000000005466270
           @code=401,
           @indent=0,
           @parameters=["I can show him my true wrath!"]>,
          #<RPG::EventCommand:0x00000000054661f8
           @code=101,
           @indent=0,
           @parameters=["Actor4", 0, 0, 2]>,
          #<RPG::EventCommand:0x0000000005466180
           @code=401,
           @indent=0,
           @parameters=["...and what about us?"]>,
          #<RPG::EventCommand:0x0000000005466108
           @code=101,
           @indent=0,
           @parameters=["Actor4", 0, 0, 2]>,
          #<RPG::EventCommand:0x00000000054660e0
           @code=401,
           @indent=0,
           @parameters=["I've been trapped here for years..."]>,
          #<RPG::EventCommand:0x0000000005466068
           @code=101,
           @indent=0,
           @parameters=["Actor4", 0, 0, 2]>,
          #<RPG::EventCommand:0x0000000005466040
           @code=401,
           @indent=0,
           @parameters=["You impersonated my mother..."]>,
          #<RPG::EventCommand:0x0000000005465fc8
           @code=101,
           @indent=0,
           @parameters=["Actor4", 0, 0, 2]>,
          #<RPG::EventCommand:0x0000000005465fa0
           @code=401,
           @indent=0,
           @parameters=["Turned her against me..."]>,
          #<RPG::EventCommand:0x0000000005465f28
           @code=101,
           @indent=0,
           @parameters=["Actor4", 0, 0, 2]>,
          #<RPG::EventCommand:0x0000000005465f00
           @code=401,
           @indent=0,
           @parameters=["Killed countless people at the slightest"]>,
          #<RPG::EventCommand:0x0000000005465e88
           @code=401,
           @indent=0,
           @parameters=["mention of yer creation."]>,
          #<RPG::EventCommand:0x0000000005465e10
           @code=101,
           @indent=0,
           @parameters=["Actor4", 0, 0, 2]>,
          #<RPG::EventCommand:0x0000000005465de8
           @code=401,
           @indent=0,
           @parameters=["That is unforgivable. Now..."]>,
          #<RPG::EventCommand:0x0000000005465d70
           @code=101,
           @indent=0,
           @parameters=["Actor4", 0, 0, 2]>,
          #<RPG::EventCommand:0x0000000005465d48
           @code=401,
           @indent=0,
           @parameters=["On these very stones...I will slay you."]>,
          #<RPG::EventCommand:0x0000000005465cd0
           @code=101,
           @indent=0,
           @parameters=["Actor4", 0, 0, 2]>,
          #<RPG::EventCommand:0x0000000005465ca8
           @code=401,
           @indent=0,
           @parameters=["As tribute to everyone trapped and killed"]>,
          #<RPG::EventCommand:0x0000000005465c30
           @code=401,
           @indent=0,
           @parameters=["in this very world."]>,
          #<RPG::EventCommand:0x0000000005465bb8
           @code=101,
           @indent=0,
           @parameters=["Evil", 4, 0, 2]>,
          #<RPG::EventCommand:0x0000000005465b40
           @code=401,
           @indent=0,
           @parameters=["So be it, bitch! You don't stand a"]>,
          #<RPG::EventCommand:0x0000000005465ac8
           @code=401,
           @indent=0,
           @parameters=["chance!"]>,
          #<RPG::EventCommand:0x0000000005465a50
           @code=101,
           @indent=0,
           @parameters=["Actor4", 0, 0, 2]>,
          #<RPG::EventCommand:0x00000000054659d8
           @code=401,
           @indent=0,
           @parameters=["We'll see about that."]>,
          #<RPG::EventCommand:0x0000000005465960
           @code=124,
           @indent=0,
           @parameters=[1]>,
          #<RPG::EventCommand:0x0000000005465910
           @code=301,
           @indent=0,
           @parameters=[0, 1, false, false]>,
          #<RPG::EventCommand:0x00000000054658c0
           @code=117,
           @indent=0,
           @parameters=[6]>,
          #<RPG::EventCommand:0x0000000005465870
           @code=121,
           @indent=0,
           @parameters=[6, 6, 0]>,
          #<RPG::EventCommand:0x0000000005465820
           @code=0,
           @indent=0,
           @parameters=[]>],
        @move_frequency=3,
        @move_route=
         #<RPG::MoveRoute:0x0000000005467c38
          @list=
           [#<RPG::MoveCommand:0x0000000005467a30 @code=0, @parameters=[]>],
          @repeat=true,
          @skippable=false,
          @wait=false>,
        @move_speed=3,
        @move_type=0,
        @priority_type=1,
        @step_anime=false,
        @through=false,
        @trigger=0,
        @walk_anime=true>],
     @x=12,
     @y=16>,
   2=>
    #<RPG::Event:0x0000000005465780
     @id=2,
     @name="Progress Check",
     @pages=
      [#<RPG::Event::Page:0x0000000005465708
        @condition=
         #<RPG::Event::Page::Condition:0x00000000054656e0
          @actor_id=1,
          @actor_valid=false,
          @item_id=1,
          @item_valid=false,
          @self_switch_ch="A",
          @self_switch_valid=false,
          @switch1_id=6,
          @switch1_valid=true,
          @switch2_id=1,
          @switch2_valid=false,
          @variable_id=1,
          @variable_valid=false,
          @variable_value=0>,
        @direction_fix=false,
        @graphic=
         #<RPG::Event::Page::Graphic:0x0000000005465690
          @character_index=0,
          @character_name="",
          @direction=2,
          @pattern=0,
          @tile_id=0>,
        @list=
         [#<RPG::EventCommand:0x0000000005465578
           @code=221,
           @indent=0,
           @parameters=[]>,
          #<RPG::EventCommand:0x0000000005465528
           @code=201,
           @indent=0,
           @parameters=[0, 8, 12, 16, 2, 0]>,
          #<RPG::EventCommand:0x00000000054654d8
           @code=217,
           @indent=0,
           @parameters=[]>,
          #<RPG::EventCommand:0x0000000005465488
           @code=222,
           @indent=0,
           @parameters=[]>,
          #<RPG::EventCommand:0x0000000005465438
           @code=101,
           @indent=0,
           @parameters=["Actor4", 0, 0, 2]>,
          #<RPG::EventCommand:0x00000000054653c0
           @code=401,
           @indent=0,
           @parameters=["This is it, Brae."]>,
          #<RPG::EventCommand:0x0000000005465348
           @code=101,
           @indent=0,
           @parameters=["Actor4", 0, 0, 2]>,
          #<RPG::EventCommand:0x0000000005465320
           @code=401,
           @indent=0,
           @parameters=["This is our way out."]>,
          #<RPG::EventCommand:0x00000000054652a8
           @code=101,
           @indent=0,
           @parameters=["Actor4", 0, 0, 2]>,
          #<RPG::EventCommand:0x0000000005465280
           @code=401,
           @indent=0,
           @parameters=["Wherever we end up, let's do it"]>,
          #<RPG::EventCommand:0x0000000005465208
           @code=401,
           @indent=0,
           @parameters=["together."]>,
          #<RPG::EventCommand:0x0000000005465190
           @code=101,
           @indent=0,
           @parameters=["Actor5", 2, 0, 2]>,
          #<RPG::EventCommand:0x0000000005465118
           @code=401,
           @indent=0,
           @parameters=["Alright, Era. I'll do it."]>,
          #<RPG::EventCommand:0x00000000054650a0
           @code=101,
           @indent=0,
           @parameters=["Actor5", 2, 0, 2]>,
          #<RPG::EventCommand:0x0000000005465078
           @code=401,
           @indent=0,
           @parameters=["Together."]>,
          #<RPG::EventCommand:0x0000000005465000
           @code=101,
           @indent=0,
           @parameters=["Actor4", 0, 0, 2]>,
          #<RPG::EventCommand:0x0000000005464f88
           @code=401,
           @indent=0,
           @parameters=["Awesome. Now let's get this show"]>,
          #<RPG::EventCommand:0x0000000005464f10
           @code=401,
           @indent=0,
           @parameters=["on the road, shall we?"]>,
          #<RPG::EventCommand:0x0000000005464e98
           @code=101,
           @indent=0,
           @parameters=["Actor5", 2, 0, 2]>,
          #<RPG::EventCommand:0x0000000005464e20
           @code=401,
           @indent=0,
           @parameters=["Of course."]>,
          #<RPG::EventCommand:0x0000000005464da8
           @code=223,
           @indent=0,
           @parameters=
            [#<Tone:0x0000000005464d08 @a=0.0, @b=255.0, @g=255.0, @r=-255.0>,
             450,
             true]>,
          #<RPG::EventCommand:0x0000000005464c68
           @code=201,
           @indent=0,
           @parameters=[0, 1, 86, 9, 2, 0]>,
          #<RPG::EventCommand:0x0000000005464c18
           @code=129,
           @indent=0,
           @parameters=[2, 1, 0]>,
          #<RPG::EventCommand:0x0000000005464bc8
           @code=223,
           @indent=0,
           @parameters=
            [#<Tone:0x0000000005464b50 @a=0.0, @b=0.0, @g=0.0, @r=0.0>,
             60,
             true]>,
          #<RPG::EventCommand:0x0000000005464ab0
           @code=101,
           @indent=0,
           @parameters=["Actor5", 2, 0, 2]>,
          #<RPG::EventCommand:0x0000000005464a38
           @code=401,
           @indent=0,
           @parameters=["..."]>,
          #<RPG::EventCommand:0x00000000054649c0
           @code=230,
           @indent=0,
           @parameters=[60]>,
          #<RPG::EventCommand:0x0000000005464970
           @code=101,
           @indent=0,
           @parameters=["Actor5", 2, 0, 2]>,
          #<RPG::EventCommand:0x00000000054648f8
           @code=401,
           @indent=0,
           @parameters=["We're back in the Marisphere..."]>,
          #<RPG::EventCommand:0x0000000005464880
           @code=101,
           @indent=0,
           @parameters=["Actor4", 0, 0, 2]>,
          #<RPG::EventCommand:0x0000000005464808
           @code=401,
           @indent=0,
           @parameters=["...oh..."]>,
          #<RPG::EventCommand:0x0000000005464790
           @code=101,
           @indent=0,
           @parameters=["Actor4", 0, 0, 2]>,
          #<RPG::EventCommand:0x0000000005464768
           @code=401,
           @indent=0,
           @parameters=["At least it isn't Temple City, right?"]>,
          #<RPG::EventCommand:0x00000000054646f0
           @code=101,
           @indent=0,
           @parameters=["Actor4", 0, 0, 2]>,
          #<RPG::EventCommand:0x00000000054646c8
           @code=401,
           @indent=0,
           @parameters=["Maybe now there's a better shot at--"]>,
          #<RPG::EventCommand:0x0000000005464650
           @code=101,
           @indent=0,
           @parameters=["Actor5", 2, 0, 2]>,
          #<RPG::EventCommand:0x00000000054645d8
           @code=401,
           @indent=0,
           @parameters=["No."]>,
          #<RPG::EventCommand:0x0000000005464560
           @code=101,
           @indent=0,
           @parameters=["Actor5", 2, 0, 2]>,
          #<RPG::EventCommand:0x0000000005464538
           @code=401,
           @indent=0,
           @parameters=["Why would it be over? Of course there"]>,
          #<RPG::EventCommand:0x00000000054644c0
           @code=401,
           @indent=0,
           @parameters=["isn't a simple solution..."]>,
          #<RPG::EventCommand:0x0000000005464448
           @code=205,
           @indent=0,
           @parameters=
            [-1,
             #<RPG::MoveRoute:0x00000000054643f8
              @list=
               [#<RPG::MoveCommand:0x00000000054643a8 @code=2, @parameters=[]>,
                #<RPG::MoveCommand:0x0000000005464358
                 @code=0,
                 @parameters=[]>],
              @repeat=false,
              @skippable=false,
              @wait=true>]>,
          #<RPG::EventCommand:0x0000000005464308
           @code=505,
           @indent=0,
           @parameters=
            [#<RPG::MoveCommand:0x00000000054643a8 @code=2, @parameters=[]>]>,
          #<RPG::EventCommand:0x00000000054642b8
           @code=101,
           @indent=0,
           @parameters=["Actor5", 2, 0, 2]>,
          #<RPG::EventCommand:0x0000000005464240
           @code=401,
           @indent=0,
           @parameters=["I'm so fucking tired of this place. I"]>,
          #<RPG::EventCommand:0x00000000054641c8
           @code=401,
           @indent=0,
           @parameters=["want to go home."]>,
          #<RPG::EventCommand:0x0000000005464150
           @code=221,
           @indent=0,
           @parameters=[]>,
          #<RPG::EventCommand:0x0000000005464100
           @code=121,
           @indent=0,
           @parameters=[7, 7, 0]>,
          #<RPG::EventCommand:0x00000000054640b0
           @code=129,
           @indent=0,
           @parameters=[2, 0, 0]>,
          #<RPG::EventCommand:0x0000000005464060
           @code=201,
           @indent=0,
           @parameters=[0, 1, 86, 9, 2, 0]>,
          #<RPG::EventCommand:0x0000000005464010
           @code=222,
           @indent=0,
           @parameters=[]>,
          #<RPG::EventCommand:0x0000000005473f88
           @code=0,
           @indent=0,
           @parameters=[]>],
        @move_frequency=3,
        @move_route=
         #<RPG::MoveRoute:0x0000000005465640
          @list=
           [#<RPG::MoveCommand:0x00000000054655f0 @code=0, @parameters=[]>],
          @repeat=true,
          @skippable=false,
          @wait=false>,
        @move_speed=3,
        @move_type=0,
        @priority_type=0,
        @step_anime=false,
        @through=false,
        @trigger=3,
        @walk_anime=true>],
     @x=24,
     @y=30>,
   3=>
    #<RPG::Event:0x0000000005473f38
     @id=3,
     @name="Marisphere Fragment",
     @pages=
      [#<RPG::Event::Page:0x0000000005473ec0
        @condition=
         #<RPG::Event::Page::Condition:0x0000000005473e98
          @actor_id=1,
          @actor_valid=false,
          @item_id=1,
          @item_valid=false,
          @self_switch_ch="A",
          @self_switch_valid=false,
          @switch1_id=1,
          @switch1_valid=false,
          @switch2_id=1,
          @switch2_valid=false,
          @variable_id=1,
          @variable_valid=false,
          @variable_value=0>,
        @direction_fix=false,
        @graphic=
         #<RPG::Event::Page::Graphic:0x0000000005473e48
          @character_index=0,
          @character_name="",
          @direction=2,
          @pattern=0,
          @tile_id=0>,
        @list=
         [#<RPG::EventCommand:0x0000000005473d30
           @code=101,
           @indent=0,
           @parameters=["", 0, 1, 2]>,
          #<RPG::EventCommand:0x0000000005473cb8
           @code=401,
           @indent=0,
           @parameters=["A fragment of the Marisphere still flows in this"]>,
          #<RPG::EventCommand:0x0000000005473c40
           @code=401,
           @indent=0,
           @parameters=["world."]>,
          #<RPG::EventCommand:0x0000000005473bc8
           @code=101,
           @indent=0,
           @parameters=["", 0, 1, 2]>,
          #<RPG::EventCommand:0x0000000005473ba0
           @code=401,
           @indent=0,
           @parameters=["The small shard gives you a glimmer of hope."]>,
          #<RPG::EventCommand:0x0000000005473b28
           @code=314,
           @indent=0,
           @parameters=[0, 0]>,
          #<RPG::EventCommand:0x0000000005473ad8
           @code=0,
           @indent=0,
           @parameters=[]>],
        @move_frequency=3,
        @move_route=
         #<RPG::MoveRoute:0x0000000005473df8
          @list=
           [#<RPG::MoveCommand:0x0000000005473da8 @code=0, @parameters=[]>],
          @repeat=true,
          @skippable=false,
          @wait=false>,
        @move_speed=3,
        @move_type=0,
        @priority_type=1,
        @step_anime=false,
        @through=false,
        @trigger=0,
        @walk_anime=true>],
     @x=12,
     @y=6>,
   4=>
    #<RPG::Event:0x0000000005473a88
     @id=4,
     @name="AutoSwitch",
     @pages=
      [#<RPG::Event::Page:0x0000000005473a10
        @condition=
         #<RPG::Event::Page::Condition:0x00000000054739e8
          @actor_id=1,
          @actor_valid=false,
          @item_id=1,
          @item_valid=false,
          @self_switch_ch="A",
          @self_switch_valid=false,
          @switch1_id=1,
          @switch1_valid=false,
          @switch2_id=1,
          @switch2_valid=false,
          @variable_id=1,
          @variable_valid=false,
          @variable_value=0>,
        @direction_fix=false,
        @graphic=
         #<RPG::Event::Page::Graphic:0x0000000005473998
          @character_index=0,
          @character_name="",
          @direction=2,
          @pattern=0,
          @tile_id=0>,
        @list=
         [#<RPG::EventCommand:0x0000000005473880
           @code=121,
           @indent=0,
           @parameters=[81, 81, 0]>,
          #<RPG::EventCommand:0x0000000005473830
           @code=123,
           @indent=0,
           @parameters=["A", 0]>,
          #<RPG::EventCommand:0x00000000054737b8
           @code=0,
           @indent=0,
           @parameters=[]>],
        @move_frequency=3,
        @move_route=
         #<RPG::MoveRoute:0x0000000005473948
          @list=
           [#<RPG::MoveCommand:0x00000000054738f8 @code=0, @parameters=[]>],
          @repeat=true,
          @skippable=false,
          @wait=false>,
        @move_speed=3,
        @move_type=0,
        @priority_type=0,
        @step_anime=false,
        @through=false,
        @trigger=3,
        @walk_anime=true>,
       #<RPG::Event::Page:0x0000000005473768
        @condition=
         #<RPG::Event::Page::Condition:0x0000000005473740
          @actor_id=1,
          @actor_valid=false,
          @item_id=1,
          @item_valid=false,
          @self_switch_ch="A",
          @self_switch_valid=true,
          @switch1_id=1,
          @switch1_valid=false,
          @switch2_id=1,
          @switch2_valid=false,
          @variable_id=1,
          @variable_valid=false,
          @variable_value=0>,
        @direction_fix=false,
        @graphic=
         #<RPG::Event::Page::Graphic:0x00000000054736f0
          @character_index=0,
          @character_name="",
          @direction=2,
          @pattern=0,
          @tile_id=0>,
        @list=
         [#<RPG::EventCommand:0x00000000054735d8
           @code=0,
           @indent=0,
           @parameters=[]>],
        @move_frequency=3,
        @move_route=
         #<RPG::MoveRoute:0x00000000054736a0
          @list=
           [#<RPG::MoveCommand:0x0000000005473650 @code=0, @parameters=[]>],
          @repeat=true,
          @skippable=false,
          @wait=false>,
        @move_speed=3,
        @move_type=0,
        @priority_type=0,
        @step_anime=false,
        @through=false,
        @trigger=0,
        @walk_anime=true>],
     @x=23,
     @y=6>},
 @height=31,
 @note="",
 @parallax_loop_x=false,
 @parallax_loop_y=false,
 @parallax_name="",
 @parallax_show=false,
 @parallax_sx=0,
 @parallax_sy=0,
 @scroll_type=0,
 @specify_battleback=true,
 @tileset_id=4,
 @width=25>
