#<RPG::Map:0x000000000547f4a0
 @autoplay_bgm=false,
 @autoplay_bgs=false,
 @battleback1_name="DemonCastle",
 @battleback2_name="DemonCastle2",
 @bgm=#<RPG::BGM:0x000000000547d038 @name="", @pitch=100, @volume=100>,
 @bgs=#<RPG::BGS:0x000000000547cc28 @name="", @pitch=100, @volume=80>,
 @data=
  #<Table:0x000000000547cd18
   @data=
    [1536,
     1536,
     1536,
     1536,
     1536,
     1536,
     1536,
     1536,
     1536,
     1536,
     1536,
     1536,
     1536,
     1536,
     1536,
     1536,
     1536,
     1536,
     1536,
     1536,
     1536,
     1536,
     1536,
     1536,
     1536,
     1536,
     1536,
     1536,
     1536,
     1536,
     1536,
     1536,
     1536,
     1536,
     1536,
     1536,
     1536,
     1536,
     1536,
     1536,
     1536,
     1536,
     1536,
     1536,
     7027,
     7025,
     7025,
     7025,
     7025,
     7025,
     7029,
     1536,
     1536,
     1536,
     1536,
     1536,
     1536,
     1536,
     1536,
     1536,
     1536,
     1536,
     1536,
     7024,
     7378,
     7378,
     7378,
     7378,
     7378,
     7024,
     1536,
     1536,
     1536,
     1536,
     1536,
     1536,
     1536,
     1536,
     1536,
     1536,
     7027,
     7025,
     7031,
     7384,
     7384,
     7384,
     7384,
     7384,
     7033,
     7025,
     7029,
     1536,
     1536,
     1536,
     1536,
     1536,
     1536,
     1536,
     1536,
     7024,
     7378,
     7382,
     1575,
     1575,
     1575,
     1575,
     1575,
     7379,
     7378,
     7024,
     1536,
     1536,
     1536,
     1536,
     1536,
     1536,
     7027,
     7025,
     7031,
     7384,
     7388,
     1575,
     1575,
     1575,
     1575,
     1575,
     7385,
     7384,
     7033,
     7025,
     7029,
     1536,
     1536,
     1536,
     1536,
     7024,
     7378,
     7382,
     1575,
     1575,
     1575,
     1575,
     1575,
     1575,
     1575,
     1575,
     1575,
     7379,
     7378,
     7024,
     1536,
     1536,
     1536,
     1536,
     7024,
     7384,
     7388,
     1575,
     1575,
     1575,
     1575,
     1575,
     1575,
     1575,
     1575,
     1575,
     7385,
     7384,
     7024,
     1536,
     1536,
     1536,
     1536,
     7024,
     1575,
     1575,
     1639,
     1575,
     1575,
     1575,
     1575,
     1575,
     1575,
     1575,
     1575,
     1575,
     1575,
     7024,
     1536,
     1536,
     1536,
     1536,
     7024,
     1575,
     1575,
     1575,
     1575,
     1575,
     1575,
     1575,
     1575,
     1575,
     1575,
     1639,
     1575,
     1575,
     7024,
     1536,
     1536,
     1536,
     1536,
     7024,
     1575,
     1575,
     1575,
     1575,
     1575,
     1575,
     1575,
     1575,
     1575,
     1575,
     1575,
     1575,
     1639,
     7024,
     1536,
     1536,
     1536,
     1536,
     7033,
     7025,
     7029,
     1575,
     1575,
     1575,
     1575,
     1575,
     1575,
     1575,
     1639,
     1575,
     7027,
     7025,
     7031,
     1536,
     1536,
     1536,
     1536,
     7379,
     7378,
     7024,
     1575,
     1639,
     1575,
     1575,
     1575,
     1575,
     1575,
     1575,
     1575,
     7024,
     7378,
     7382,
     1536,
     1536,
     1536,
     1536,
     7385,
     7384,
     7033,
     7025,
     7029,
     1575,
     1575,
     1575,
     1575,
     1575,
     7027,
     7025,
     7031,
     7384,
     7388,
     1536,
     1536,
     1536,
     1536,
     1536,
     1536,
     7379,
     7378,
     7024,
     1575,
     1575,
     1575,
     1575,
     1575,
     7024,
     7378,
     7382,
     1536,
     1536,
     1536,
     1536,
     1536,
     1536,
     1536,
     1536,
     7385,
     7384,
     7033,
     7015,
     7037,
     1575,
     7035,
     7015,
     7031,
     7384,
     7388,
     1536,
     1536,
     1536,
     1536,
     1536,
     1536,
     1536,
     1536,
     1536,
     1536,
     7379,
     7024,
     7382,
     1575,
     7379,
     7024,
     7382,
     1536,
     1536,
     1536,
     1536,
     1536,
     1536,
     1536,
     1536,
     1536,
     1536,
     1536,
     1536,
     7385,
     7024,
     7388,
     1575,
     7385,
     7024,
     7388,
     1536,
     1536,
     1536,
     1536,
     1536,
     1536,
     1536,
     1536,
     1536,
     1536,
     1536,
     1536,
     1536,
     7024,
     1575,
     1575,
     1575,
     7024,
     1536,
     1536,
     1536,
     1536,
     1536,
     1536,
     1536,
     1536,
     1536,
     1536,
     1536,
     1536,
     1536,
     1536,
     7024,
     1575,
     1575,
     1575,
     7024,
     1536,
     1536,
     1536,
     1536,
     1536,
     1536,
     1536,
     1536,
     1536,
     1536,
     1536,
     1536,
     1536,
     1536,
     7024,
     1608,
     1609,
     1610,
     7024,
     1536,
     1536,
     1536,
     1536,
     1536,
     1536,
     1536,
     1536,
     1536,
     1536,
     1536,
     1536,
     1536,
     1536,
     7024,
     1608,
     1609,
     1610,
     7024,
     1536,
     1536,
     1536,
     1536,
     1536,
     1536,
     1536,
     1536,
     1536,
     1536,
     1536,
     1536,
     1536,
     1536,
     7024,
     1608,
     1609,
     1610,
     7024,
     1536,
     1536,
     1536,
     1536,
     1536,
     1536,
     1536,
     1536,
     1536,
     1536,
     1536,
     1536,
     1536,
     1536,
     7024,
     1608,
     1609,
     1610,
     7024,
     1536,
     1536,
     1536,
     1536,
     1536,
     1536,
     1536,
     1536,
     1536,
     1536,
     1536,
     1536,
     1536,
     1536,
     7024,
     1608,
     1609,
     1610,
     7024,
     1536,
     1536,
     1536,
     1536,
     1536,
     1536,
     1536,
     1536,
     1536,
     1536,
     1536,
     1536,
     1536,
     1536,
     7024,
     1608,
     1609,
     1610,
     7024,
     1536,
     1536,
     1536,
     1536,
     1536,
     1536,
     1536,
     1536,
     1536,
     1536,
     1536,
     1536,
     1536,
     1536,
     7024,
     1608,
     1609,
     1610,
     7024,
     1536,
     1536,
     1536,
     1536,
     1536,
     1536,
     1536,
     1536,
     1536,
     1536,
     1536,
     1536,
     1536,
     1536,
     7024,
     1608,
     1609,
     1610,
     7024,
     1536,
     1536,
     1536,
     1536,
     1536,
     1536,
     1536,
     1536,
     1536,
     1536,
     1536,
     1536,
     1536,
     1536,
     7024,
     1608,
     1609,
     1610,
     7024,
     1536,
     1536,
     1536,
     1536,
     1536,
     1536,
     1536,
     1536,
     1536,
     1536,
     1536,
     1536,
     1536,
     1536,
     7024,
     1608,
     1609,
     1610,
     7024,
     1536,
     1536,
     1536,
     1536,
     1536,
     1536,
     1536,
     1536,
     1536,
     1536,
     1536,
     1536,
     1536,
     1536,
     7024,
     1608,
     1609,
     1610,
     7024,
     1536,
     1536,
     1536,
     1536,
     1536,
     1536,
     1536,
     1536,
     1536,
     1536,
     1536,
     1536,
     1536,
     1536,
     7024,
     1608,
     1609,
     1610,
     7024,
     1536,
     1536,
     1536,
     1536,
     1536,
     1536,
     1536,
     1536,
     1536,
     1536,
     1536,
     1536,
     1536,
     1536,
     7024,
     1608,
     1609,
     1610,
     7024,
     1536,
     1536,
     1536,
     1536,
     1536,
     1536,
     1536,
     1536,
     1536,
     1536,
     1536,
     1536,
     1536,
     1536,
     7024,
     1575,
     1575,
     1575,
     7024,
     1536,
     1536,
     1536,
     1536,
     1536,
     1536,
     1536,
     1536,
     1536,
     1536,
     1536,
     1536,
     1536,
     1536,
     7024,
     1575,
     1575,
     1575,
     7024,
     1536,
     1536,
     1536,
     1536,
     1536,
     1536,
     1536,
     1536,
     1536,
     1536,
     1536,
     1536,
     1536,
     1536,
     7033,
     7025,
     7025,
     7025,
     7031,
     1536,
     1536,
     1536,
     1536,
     1536,
     1536,
     1536,
     1536,
     1536,
     1536,
     1536,
     1536,
     1536,
     1536,
     7379,
     7378,
     7378,
     7378,
     7382,
     1536,
     1536,
     1536,
     1536,
     1536,
     1536,
     1536,
     1536,
     1536,
     1536,
     1536,
     1536,
     1536,
     1536,
     7385,
     7384,
     7384,
     7384,
     7388,
     1536,
     1536,
     1536,
     1536,
     1536,
     1536,
     1536,
     1536,
     1536,
     1536,
     1536,
     1536,
     1536,
     1536,
     1536,
     1536,
     1536,
     1536,
     1536,
     1536,
     1536,
     1536,
     1536,
     1536,
     1536,
     1536,
     1536,
     1536,
     1536,
     1536,
     1536,
     1536,
     1536,
     1536,
     1536,
     1536,
     1536,
     1536,
     1536,
     1536,
     1536,
     1536,
     1536,
     1536,
     1536,
     0,
     0,
     0,
     0,
     0,
     0,
     0,
     0,
     0,
     0,
     0,
     0,
     0,
     0,
     0,
     0,
     0,
     0,
     0,
     0,
     0,
     0,
     0,
     0,
     0,
     0,
     0,
     0,
     0,
     0,
     0,
     0,
     0,
     0,
     0,
     0,
     0,
     0,
     0,
     0,
     0,
     0,
     0,
     0,
     0,
     0,
     0,
     0,
     0,
     0,
     0,
     0,
     0,
     0,
     0,
     0,
     0,
     0,
     0,
     0,
     0,
     0,
     0,
     0,
     0,
     0,
     0,
     0,
     0,
     0,
     0,
     0,
     0,
     0,
     0,
     0,
     0,
     0,
     0,
     0,
     0,
     0,
     0,
     0,
     0,
     0,
     0,
     0,
     0,
     0,
     0,
     0,
     0,
     0,
     0,
     0,
     0,
     0,
     0,
     0,
     0,
     0,
     0,
     0,
     0,
     0,
     0,
     0,
     0,
     0,
     0,
     0,
     0,
     0,
     0,
     0,
     0,
     0,
     0,
     0,
     0,
     0,
     4290,
     4276,
     4292,
     0,
     0,
     0,
     0,
     0,
     0,
     0,
     0,
     0,
     0,
     0,
     0,
     0,
     0,
     0,
     0,
     4272,
     4256,
     4280,
     0,
     0,
     0,
     0,
     0,
     0,
     0,
     0,
     0,
     0,
     0,
     0,
     0,
     0,
     0,
     0,
     4296,
     4284,
     4294,
     0,
     0,
     0,
     0,
     0,
     0,
     0,
     0,
     0,
     0,
     0,
     0,
     0,
     0,
     0,
     0,
     0,
     0,
     0,
     0,
     0,
     0,
     0,
     0,
     0,
     0,
     0,
     0,
     0,
     0,
     0,
     0,
     0,
     0,
     0,
     0,
     0,
     0,
     0,
     0,
     0,
     0,
     0,
     0,
     0,
     0,
     0,
     0,
     0,
     0,
     0,
     0,
     0,
     0,
     0,
     0,
     0,
     0,
     0,
     0,
     0,
     0,
     0,
     0,
     0,
     0,
     0,
     0,
     0,
     0,
     0,
     0,
     0,
     0,
     0,
     0,
     0,
     0,
     0,
     0,
     0,
     0,
     0,
     0,
     0,
     0,
     0,
     0,
     0,
     0,
     0,
     0,
     0,
     0,
     0,
     0,
     0,
     0,
     0,
     0,
     0,
     0,
     0,
     0,
     0,
     0,
     0,
     0,
     0,
     0,
     0,
     0,
     0,
     0,
     0,
     0,
     0,
     0,
     0,
     0,
     0,
     0,
     0,
     0,
     0,
     0,
     0,
     0,
     0,
     0,
     0,
     0,
     0,
     0,
     0,
     0,
     0,
     0,
     0,
     0,
     0,
     0,
     0,
     0,
     0,
     0,
     0,
     0,
     0,
     0,
     0,
     0,
     0,
     0,
     0,
     0,
     0,
     0,
     0,
     0,
     0,
     0,
     0,
     0,
     0,
     0,
     0,
     0,
     0,
     0,
     0,
     0,
     0,
     0,
     0,
     0,
     0,
     0,
     0,
     0,
     0,
     0,
     0,
     0,
     0,
     0,
     0,
     0,
     0,
     0,
     0,
     0,
     0,
     0,
     0,
     0,
     0,
     0,
     0,
     0,
     0,
     0,
     0,
     0,
     0,
     0,
     0,
     0,
     0,
     0,
     0,
     0,
     0,
     0,
     0,
     0,
     0,
     0,
     0,
     0,
     0,
     0,
     0,
     0,
     0,
     0,
     0,
     0,
     0,
     0,
     0,
     0,
     0,
     0,
     0,
     0,
     0,
     0,
     0,
     0,
     0,
     0,
     0,
     0,
     0,
     0,
     0,
     0,
     0,
     0,
     0,
     0,
     0,
     0,
     0,
     0,
     0,
     0,
     0,
     0,
     0,
     0,
     0,
     0,
     0,
     0,
     0,
     0,
     0,
     0,
     0,
     0,
     0,
     0,
     0,
     0,
     0,
     0,
     0,
     0,
     0,
     0,
     0,
     0,
     0,
     0,
     0,
     0,
     0,
     0,
     0,
     0,
     0,
     0,
     0,
     0,
     0,
     0,
     0,
     0,
     0,
     0,
     0,
     0,
     0,
     0,
     0,
     0,
     0,
     0,
     0,
     0,
     0,
     0,
     0,
     0,
     0,
     0,
     0,
     0,
     0,
     0,
     0,
     0,
     0,
     0,
     0,
     0,
     0,
     0,
     0,
     0,
     0,
     0,
     0,
     0,
     0,
     0,
     0,
     0,
     0,
     0,
     0,
     0,
     0,
     0,
     0,
     0,
     0,
     0,
     0,
     0,
     0,
     0,
     0,
     0,
     0,
     0,
     0,
     0,
     0,
     0,
     0,
     0,
     0,
     0,
     0,
     0,
     0,
     0,
     0,
     0,
     0,
     0,
     0,
     0,
     0,
     0,
     0,
     0,
     0,
     0,
     0,
     0,
     0,
     0,
     0,
     0,
     0,
     0,
     0,
     0,
     0,
     0,
     0,
     0,
     0,
     0,
     0,
     0,
     0,
     0,
     0,
     0,
     0,
     0,
     0,
     0,
     0,
     0,
     0,
     0,
     0,
     0,
     0,
     0,
     0,
     0,
     0,
     0,
     0,
     0,
     0,
     0,
     0,
     0,
     0,
     0,
     0,
     0,
     0,
     0,
     0,
     0,
     0,
     0,
     0,
     0,
     0,
     0,
     0,
     0,
     0,
     0,
     0,
     0,
     0,
     0,
     0,
     0,
     0,
     0,
     0,
     0,
     0,
     0,
     0,
     0,
     0,
     0,
     0,
     0,
     0,
     0,
     0,
     0,
     0,
     0,
     0,
     0,
     0,
     0,
     0,
     0,
     0,
     0,
     0,
     0,
     0,
     0,
     0,
     0,
     0,
     0,
     0,
     0,
     0,
     0,
     0,
     0,
     0,
     0,
     0,
     0,
     0,
     0,
     0,
     0,
     0,
     0,
     0,
     0,
     0,
     0,
     0,
     0,
     0,
     0,
     0,
     0,
     0,
     0,
     0,
     0,
     0,
     0,
     0,
     0,
     0,
     0,
     0,
     0,
     0,
     0,
     0,
     0,
     0,
     0,
     0,
     0,
     0,
     0,
     0,
     0,
     0,
     0,
     0,
     0,
     0,
     0,
     0,
     0,
     0,
     0,
     0,
     0,
     0,
     0,
     0,
     0,
     0,
     0,
     0,
     0,
     0,
     0,
     0,
     0,
     0,
     0,
     0,
     0,
     0,
     0,
     0,
     0,
     0,
     0,
     0,
     0,
     0,
     0,
     0,
     0,
     0,
     0,
     0,
     0,
     0,
     0,
     0,
     0,
     0,
     0,
     0,
     0,
     0,
     0,
     0,
     0,
     0,
     0,
     0,
     0,
     0,
     0,
     0,
     0,
     0,
     0,
     0,
     0,
     0,
     0,
     0,
     0,
     0,
     0,
     0,
     0,
     0,
     0,
     0,
     0,
     0,
     0,
     0,
     0,
     0,
     0,
     0,
     0,
     0,
     0,
     0,
     0,
     0,
     0,
     0,
     0,
     0,
     0,
     0,
     0,
     0,
     0,
     0,
     0,
     0,
     0,
     0,
     0,
     0,
     0,
     0,
     0,
     0,
     0,
     0,
     0,
     0,
     0,
     0,
     0,
     0,
     0,
     0,
     0,
     0,
     0,
     0,
     0,
     0,
     0,
     0,
     0,
     0,
     0,
     0,
     0,
     0,
     0,
     0,
     0,
     0,
     0,
     0,
     0,
     0,
     0,
     284,
     260,
     260,
     284,
     260,
     0,
     0,
     0,
     0,
     0,
     0,
     0,
     0,
     0,
     0,
     0,
     0,
     0,
     0,
     292,
     268,
     268,
     292,
     268,
     0,
     0,
     0,
     0,
     0,
     0,
     0,
     0,
     0,
     0,
     0,
     0,
     284,
     260,
     300,
     276,
     276,
     300,
     276,
     260,
     284,
     0,
     0,
     0,
     0,
     0,
     0,
     0,
     0,
     0,
     0,
     292,
     268,
     0,
     0,
     0,
     0,
     0,
     268,
     292,
     0,
     0,
     0,
     0,
     0,
     0,
     0,
     0,
     284,
     260,
     300,
     276,
     0,
     0,
     0,
     0,
     0,
     276,
     300,
     284,
     260,
     0,
     0,
     0,
     0,
     0,
     0,
     292,
     268,
     0,
     189,
     0,
     0,
     0,
     0,
     0,
     189,
     0,
     292,
     268,
     0,
     0,
     0,
     0,
     0,
     0,
     300,
     276,
     0,
     197,
     0,
     0,
     0,
     0,
     0,
     197,
     0,
     300,
     276,
     0,
     0,
     0,
     0,
     0,
     0,
     0,
     0,
     0,
     0,
     0,
     0,
     0,
     0,
     0,
     0,
     0,
     0,
     0,
     0,
     0,
     0,
     0,
     0,
     0,
     308,
     308,
     0,
     189,
     0,
     0,
     0,
     0,
     0,
     189,
     0,
     308,
     308,
     0,
     0,
     0,
     0,
     0,
     0,
     0,
     0,
     0,
     197,
     0,
     0,
     0,
     0,
     0,
     197,
     0,
     0,
     0,
     0,
     0,
     0,
     0,
     0,
     0,
     0,
     0,
     308,
     308,
     0,
     0,
     0,
     0,
     0,
     308,
     308,
     0,
     0,
     0,
     0,
     0,
     0,
     0,
     0,
     0,
     0,
     0,
     0,
     0,
     0,
     0,
     0,
     0,
     0,
     0,
     0,
     0,
     0,
     0,
     0,
     0,
     0,
     0,
     0,
     0,
     0,
     0,
     308,
     308,
     0,
     308,
     308,
     0,
     0,
     0,
     0,
     0,
     0,
     0,
     0,
     0,
     0,
     0,
     0,
     0,
     0,
     0,
     0,
     0,
     0,
     0,
     0,
     0,
     0,
     0,
     0,
     0,
     0,
     0,
     0,
     0,
     0,
     0,
     0,
     0,
     0,
     0,
     0,
     0,
     0,
     0,
     0,
     0,
     0,
     0,
     0,
     0,
     0,
     0,
     0,
     0,
     0,
     0,
     0,
     0,
     0,
     0,
     0,
     0,
     0,
     0,
     0,
     0,
     0,
     0,
     0,
     0,
     0,
     0,
     0,
     0,
     0,
     0,
     0,
     0,
     0,
     0,
     0,
     0,
     0,
     0,
     0,
     0,
     0,
     0,
     0,
     0,
     0,
     0,
     0,
     0,
     0,
     0,
     0,
     0,
     0,
     0,
     0,
     0,
     0,
     0,
     0,
     0,
     0,
     0,
     0,
     0,
     0,
     0,
     0,
     0,
     0,
     0,
     0,
     0,
     0,
     0,
     0,
     0,
     0,
     0,
     0,
     0,
     0,
     0,
     0,
     0,
     0,
     0,
     0,
     0,
     0,
     0,
     0,
     0,
     0,
     0,
     0,
     0,
     0,
     0,
     0,
     0,
     0,
     0,
     0,
     0,
     0,
     0,
     0,
     0,
     0,
     0,
     0,
     0,
     0,
     0,
     0,
     0,
     0,
     0,
     0,
     0,
     0,
     0,
     0,
     0,
     0,
     0,
     0,
     0,
     0,
     0,
     0,
     0,
     0,
     0,
     0,
     0,
     0,
     0,
     0,
     0,
     0,
     0,
     0,
     0,
     0,
     0,
     0,
     0,
     0,
     0,
     0,
     0,
     0,
     0,
     0,
     0,
     0,
     0,
     0,
     0,
     0,
     0,
     0,
     0,
     0,
     0,
     0,
     0,
     0,
     0,
     0,
     0,
     0,
     0,
     0,
     0,
     0,
     0,
     0,
     0,
     0,
     0,
     0,
     0,
     0,
     0,
     0,
     0,
     0,
     0,
     0,
     0,
     0,
     0,
     0,
     0,
     0,
     0,
     0,
     0,
     0,
     0,
     0,
     0,
     0,
     0,
     0,
     0,
     0,
     0,
     0,
     0,
     0,
     0,
     0,
     0,
     0,
     0,
     0,
     0,
     0,
     0,
     0,
     0,
     0,
     0,
     0,
     0,
     0,
     0,
     0,
     0,
     0,
     0,
     0,
     0,
     0,
     0,
     0,
     0,
     0,
     0,
     0,
     0,
     0,
     0,
     0,
     0,
     0,
     0,
     0,
     0,
     0,
     0,
     0,
     0,
     0,
     0,
     0,
     0,
     0,
     0,
     0,
     0,
     0,
     0,
     0,
     0,
     0,
     0,
     0,
     0,
     0,
     0,
     0,
     0,
     0,
     0,
     0,
     0,
     0,
     0,
     0,
     0,
     0,
     0,
     0,
     0,
     0,
     0,
     0,
     0,
     0,
     0,
     0,
     0,
     0,
     0,
     0,
     0,
     0,
     0,
     0,
     0,
     0,
     0,
     0,
     0,
     0,
     0,
     0,
     0,
     0,
     0,
     0,
     0,
     0,
     0,
     0,
     0,
     0,
     0,
     0,
     0,
     0,
     0,
     0,
     0,
     0,
     0,
     0,
     0,
     0,
     0,
     0,
     0,
     10,
     0,
     0,
     0,
     0,
     0,
     0,
     0,
     0,
     0,
     0,
     0,
     0,
     0,
     0,
     0,
     0,
     0,
     0,
     0,
     0,
     0,
     0,
     0,
     0,
     0,
     0,
     0,
     0,
     0,
     0,
     0,
     0,
     0,
     0,
     0,
     0,
     0,
     0,
     0,
     0,
     0,
     0,
     0,
     0,
     0,
     0,
     0,
     0,
     0,
     0,
     0,
     0,
     0,
     0,
     0,
     0,
     0,
     0,
     0,
     0,
     0,
     0,
     0,
     0,
     0,
     0,
     0,
     0,
     0,
     0,
     0,
     0,
     0,
     0,
     0,
     0,
     0,
     0,
     0,
     0,
     0,
     0,
     0,
     0,
     0,
     0,
     0,
     0,
     0,
     0,
     0,
     0,
     0,
     0,
     0,
     0,
     0,
     0,
     0,
     0,
     0,
     0,
     0,
     0,
     0,
     0,
     0,
     0,
     0,
     0,
     0,
     0,
     0,
     0,
     0,
     0,
     0,
     0,
     0,
     0,
     0,
     0,
     0,
     0,
     0,
     0,
     0,
     0,
     0,
     0,
     0,
     0,
     0,
     0,
     0,
     0,
     0,
     0,
     0,
     0,
     0,
     0,
     0,
     0,
     0,
     0,
     0,
     0,
     0,
     0,
     0,
     0,
     0,
     0,
     0,
     0,
     0,
     0,
     0,
     0,
     0,
     0,
     0,
     0,
     0,
     0,
     0,
     0,
     0,
     0,
     0,
     0,
     0,
     0,
     5,
     0,
     0,
     0,
     0,
     0,
     0,
     0,
     0,
     0,
     0,
     0,
     0,
     0,
     0,
     0,
     0,
     0,
     0,
     0,
     0,
     0,
     0,
     0,
     0,
     0,
     0,
     0,
     0,
     0,
     0,
     0,
     5,
     0,
     0,
     0,
     0,
     0,
     0,
     0,
     5,
     0,
     0,
     0,
     0,
     0,
     0,
     0,
     0,
     0,
     0,
     5,
     0,
     0,
     0,
     0,
     0,
     0,
     0,
     0,
     0,
     0,
     0,
     0,
     0,
     0,
     0,
     0,
     5,
     0,
     0,
     0,
     0,
     0,
     0,
     0,
     0,
     0,
     0,
     0,
     5,
     0,
     0,
     0,
     0,
     0,
     0,
     5,
     0,
     0,
     0,
     0,
     0,
     0,
     0,
     0,
     0,
     0,
     0,
     5,
     0,
     0,
     0,
     0,
     5,
     0,
     0,
     0,
     0,
     0,
     0,
     0,
     0,
     0,
     0,
     0,
     0,
     0,
     5,
     0,
     0,
     0,
     0,
     5,
     0,
     0,
     0,
     0,
     0,
     0,
     0,
     0,
     0,
     0,
     0,
     0,
     0,
     5,
     0,
     0,
     0,
     0,
     5,
     0,
     0,
     0,
     0,
     0,
     0,
     0,
     0,
     0,
     0,
     0,
     0,
     0,
     5,
     0,
     0,
     0,
     0,
     0,
     0,
     0,
     0,
     0,
     0,
     0,
     0,
     0,
     0,
     0,
     0,
     0,
     0,
     5,
     0,
     0,
     0,
     0,
     0,
     0,
     5,
     0,
     0,
     0,
     0,
     0,
     0,
     0,
     0,
     0,
     0,
     0,
     5,
     0,
     0,
     0,
     0,
     0,
     0,
     0,
     0,
     0,
     0,
     0,
     0,
     0,
     0,
     0,
     0,
     0,
     0,
     5,
     0,
     0,
     0,
     0,
     0,
     0,
     0,
     0,
     5,
     0,
     0,
     0,
     0,
     0,
     0,
     0,
     5,
     0,
     0,
     0,
     0,
     0,
     0,
     0,
     0,
     0,
     0,
     0,
     0,
     0,
     0,
     0,
     0,
     0,
     0,
     5,
     0,
     0,
     0,
     0,
     0,
     0,
     0,
     0,
     0,
     0,
     0,
     0,
     5,
     0,
     0,
     0,
     5,
     0,
     0,
     0,
     0,
     0,
     0,
     0,
     0,
     0,
     0,
     0,
     0,
     0,
     0,
     5,
     0,
     0,
     0,
     5,
     0,
     0,
     0,
     0,
     0,
     0,
     0,
     0,
     0,
     0,
     0,
     0,
     0,
     5,
     0,
     0,
     0,
     5,
     0,
     0,
     0,
     0,
     0,
     0,
     0,
     0,
     0,
     0,
     0,
     0,
     0,
     0,
     5,
     0,
     0,
     0,
     5,
     0,
     0,
     0,
     0,
     0,
     0,
     0,
     0,
     0,
     0,
     0,
     0,
     0,
     0,
     5,
     0,
     0,
     0,
     5,
     0,
     0,
     0,
     0,
     0,
     0,
     0,
     0,
     0,
     0,
     0,
     0,
     0,
     0,
     5,
     0,
     0,
     0,
     5,
     0,
     0,
     0,
     0,
     0,
     0,
     0,
     0,
     0,
     0,
     0,
     0,
     0,
     0,
     5,
     0,
     0,
     0,
     5,
     0,
     0,
     0,
     0,
     0,
     0,
     0,
     0,
     0,
     0,
     0,
     0,
     0,
     0,
     5,
     0,
     0,
     0,
     5,
     0,
     0,
     0,
     0,
     0,
     0,
     0,
     0,
     0,
     0,
     0,
     0,
     0,
     0,
     5,
     0,
     0,
     0,
     5,
     0,
     0,
     0,
     0,
     0,
     0,
     0,
     0,
     0,
     0,
     0,
     0,
     0,
     0,
     5,
     0,
     0,
     0,
     5,
     0,
     0,
     0,
     0,
     0,
     0,
     0,
     0,
     0,
     0,
     0,
     0,
     0,
     0,
     5,
     0,
     0,
     0,
     5,
     0,
     0,
     0,
     0,
     0,
     0,
     0,
     0,
     0,
     0,
     0,
     0,
     0,
     0,
     5,
     0,
     0,
     0,
     5,
     0,
     0,
     0,
     0,
     0,
     0,
     0,
     0,
     0,
     0,
     0,
     0,
     0,
     0,
     5,
     0,
     0,
     0,
     5,
     0,
     0,
     0,
     0,
     0,
     0,
     0,
     0,
     0,
     0,
     0,
     0,
     0,
     0,
     5,
     0,
     0,
     0,
     5,
     0,
     0,
     0,
     0,
     0,
     0,
     0,
     0,
     0,
     0,
     0,
     0,
     0,
     0,
     5,
     0,
     0,
     0,
     5,
     0,
     0,
     0,
     0,
     0,
     0,
     0,
     0,
     0,
     0,
     0,
     0,
     0,
     0,
     5,
     0,
     0,
     0,
     5,
     0,
     0,
     0,
     0,
     0,
     0,
     0,
     0,
     0,
     0,
     0,
     0,
     0,
     0,
     5,
     0,
     0,
     0,
     5,
     0,
     0,
     0,
     0,
     0,
     0,
     0,
     0,
     0,
     0,
     0,
     0,
     0,
     0,
     5,
     0,
     0,
     0,
     5,
     0,
     0,
     0,
     0,
     0,
     0,
     0,
     0,
     0,
     0,
     0,
     0,
     0,
     0,
     5,
     0,
     0,
     0,
     5,
     0,
     0,
     0,
     0,
     0,
     0,
     0,
     0,
     0,
     0,
     0,
     0,
     0,
     0,
     0,
     0,
     0,
     0,
     5,
     0,
     0,
     0,
     0,
     0,
     0,
     0,
     0,
     0,
     0,
     0,
     0,
     0,
     0,
     0,
     0,
     0,
     0,
     5,
     0,
     0,
     0,
     0,
     0,
     0,
     0,
     0,
     0,
     0,
     0,
     0,
     0,
     0,
     0,
     0,
     0,
     0,
     5,
     0,
     0,
     0,
     0,
     0,
     0,
     0,
     0,
     0,
     0,
     0,
     0,
     0,
     0,
     0,
     0,
     0,
     0,
     0,
     0,
     0,
     0,
     0,
     0,
     0,
     0,
     0,
     0,
     0,
     0,
     0,
     0,
     0,
     0,
     0,
     0,
     0,
     0,
     0,
     0,
     0,
     0,
     0,
     0],
   @dim=3,
   @x=19,
   @y=41,
   @z=4>,
 @disable_dashing=false,
 @display_name="",
 @encounter_list=[],
 @encounter_step=30,
 @events=
  {1=>
    #<RPG::Event:0x000000000547f310
     @id=1,
     @name="Big Shaq",
     @pages=
      [#<RPG::Event::Page:0x000000000547f158
        @condition=
         #<RPG::Event::Page::Condition:0x000000000547f0e0
          @actor_id=1,
          @actor_valid=false,
          @item_id=1,
          @item_valid=false,
          @self_switch_ch="A",
          @self_switch_valid=false,
          @switch1_id=1,
          @switch1_valid=false,
          @switch2_id=1,
          @switch2_valid=false,
          @variable_id=1,
          @variable_valid=false,
          @variable_value=0>,
        @direction_fix=false,
        @graphic=
         #<RPG::Event::Page::Graphic:0x000000000547e9d8
          @character_index=0,
          @character_name="Big Shaq",
          @direction=2,
          @pattern=1,
          @tile_id=0>,
        @list=
         [#<RPG::EventCommand:0x000000000547dec0
           @code=101,
           @indent=0,
           @parameters=["Big Fat Shaq", 0, 0, 2]>,
          #<RPG::EventCommand:0x000000000547de20
           @code=401,
           @indent=0,
           @parameters=["You may be wondering, can man ever be"]>,
          #<RPG::EventCommand:0x000000000547dda8
           @code=401,
           @indent=0,
           @parameters=["hot?"]>,
          #<RPG::EventCommand:0x000000000547dd30
           @code=101,
           @indent=0,
           @parameters=["Big Fat Shaq", 0, 0, 2]>,
          #<RPG::EventCommand:0x000000000547dd08
           @code=401,
           @indent=0,
           @parameters=["You about to find out."]>,
          #<RPG::EventCommand:0x000000000547dc90
           @code=124,
           @indent=0,
           @parameters=[1]>,
          #<RPG::EventCommand:0x000000000547dc40
           @code=301,
           @indent=0,
           @parameters=[0, 2, false, false]>,
          #<RPG::EventCommand:0x000000000547dbf0
           @code=101,
           @indent=0,
           @parameters=["Big Fat Shaq", 0, 0, 2]>,
          #<RPG::EventCommand:0x000000000547db78
           @code=401,
           @indent=0,
           @parameters=["Man...is never...hot..."]>,
          #<RPG::EventCommand:0x000000000547db00
           @code=205,
           @indent=0,
           @parameters=
            [0,
             #<RPG::MoveRoute:0x000000000547dab0
              @list=
               [#<RPG::MoveCommand:0x000000000547da60
                 @code=42,
                 @parameters=[200]>,
                #<RPG::MoveCommand:0x000000000547da10
                 @code=15,
                 @parameters=[60]>,
                #<RPG::MoveCommand:0x000000000547d9c0
                 @code=42,
                 @parameters=[100]>,
                #<RPG::MoveCommand:0x000000000547d970
                 @code=15,
                 @parameters=[60]>,
                #<RPG::MoveCommand:0x000000000547d920
                 @code=0,
                 @parameters=[]>],
              @repeat=false,
              @skippable=false,
              @wait=true>]>,
          #<RPG::EventCommand:0x000000000547d8d0
           @code=505,
           @indent=0,
           @parameters=
            [#<RPG::MoveCommand:0x000000000547da60
              @code=42,
              @parameters=[200]>]>,
          #<RPG::EventCommand:0x000000000547d880
           @code=505,
           @indent=0,
           @parameters=
            [#<RPG::MoveCommand:0x000000000547da10
              @code=15,
              @parameters=[60]>]>,
          #<RPG::EventCommand:0x000000000547d830
           @code=505,
           @indent=0,
           @parameters=
            [#<RPG::MoveCommand:0x000000000547d9c0
              @code=42,
              @parameters=[100]>]>,
          #<RPG::EventCommand:0x000000000547d7e0
           @code=505,
           @indent=0,
           @parameters=
            [#<RPG::MoveCommand:0x000000000547d970
              @code=15,
              @parameters=[60]>]>,
          #<RPG::EventCommand:0x000000000547d790
           @code=205,
           @indent=0,
           @parameters=
            [0,
             #<RPG::MoveRoute:0x000000000547d740
              @list=
               [#<RPG::MoveCommand:0x000000000547d6f0
                 @code=41,
                 @parameters=["", 0]>,
                #<RPG::MoveCommand:0x000000000547d678
                 @code=0,
                 @parameters=[]>],
              @repeat=false,
              @skippable=false,
              @wait=true>]>,
          #<RPG::EventCommand:0x000000000547d628
           @code=505,
           @indent=0,
           @parameters=
            [#<RPG::MoveCommand:0x000000000547d6f0
              @code=41,
              @parameters=["", 0]>]>,
          #<RPG::EventCommand:0x000000000547d5d8
           @code=126,
           @indent=0,
           @parameters=[5, 0, 0, 1]>,
          #<RPG::EventCommand:0x000000000547d588
           @code=101,
           @indent=0,
           @parameters=["", 0, 1, 2]>,
          #<RPG::EventCommand:0x000000000547d510
           @code=401,
           @indent=0,
           @parameters=["Big Shaq left behind Wheat Timberlands."]>,
          #<RPG::EventCommand:0x000000000547d498
           @code=0,
           @indent=0,
           @parameters=[]>],
        @move_frequency=3,
        @move_route=
         #<RPG::MoveRoute:0x000000000547e578
          @list=
           [#<RPG::MoveCommand:0x000000000547e370 @code=0, @parameters=[]>],
          @repeat=true,
          @skippable=false,
          @wait=false>,
        @move_speed=3,
        @move_type=0,
        @priority_type=1,
        @step_anime=false,
        @through=false,
        @trigger=0,
        @walk_anime=true>],
     @x=9,
     @y=7>,
   2=>
    #<RPG::Event:0x000000000547d3f8
     @id=2,
     @name="Begone",
     @pages=
      [#<RPG::Event::Page:0x000000000547d380
        @condition=
         #<RPG::Event::Page::Condition:0x000000000547d358
          @actor_id=1,
          @actor_valid=false,
          @item_id=1,
          @item_valid=false,
          @self_switch_ch="A",
          @self_switch_valid=false,
          @switch1_id=1,
          @switch1_valid=false,
          @switch2_id=1,
          @switch2_valid=false,
          @variable_id=1,
          @variable_valid=false,
          @variable_value=0>,
        @direction_fix=false,
        @graphic=
         #<RPG::Event::Page::Graphic:0x000000000547d308
          @character_index=0,
          @character_name="",
          @direction=2,
          @pattern=0,
          @tile_id=0>,
        @list=
         [#<RPG::EventCommand:0x000000000547d1f0
           @code=201,
           @indent=0,
           @parameters=[0, 12, 29, 33, 2, 0]>,
          #<RPG::EventCommand:0x000000000547d1a0
           @code=0,
           @indent=0,
           @parameters=[]>],
        @move_frequency=3,
        @move_route=
         #<RPG::MoveRoute:0x000000000547d2b8
          @list=
           [#<RPG::MoveCommand:0x000000000547d268 @code=0, @parameters=[]>],
          @repeat=true,
          @skippable=false,
          @wait=false>,
        @move_speed=3,
        @move_type=0,
        @priority_type=0,
        @step_anime=false,
        @through=false,
        @trigger=2,
        @walk_anime=true>],
     @x=9,
     @y=35>},
 @height=41,
 @note="",
 @parallax_loop_x=false,
 @parallax_loop_y=false,
 @parallax_name="",
 @parallax_show=false,
 @parallax_sx=0,
 @parallax_sy=0,
 @scroll_type=0,
 @specify_battleback=true,
 @tileset_id=4,
 @width=19>
