#<RPG::Map:0x00000000053cf258
 @autoplay_bgm=false,
 @autoplay_bgs=false,
 @battleback1_name="Desert",
 @battleback2_name="Desert",
 @bgm=#<RPG::BGM:0x00000000053ceda8 @name="", @pitch=100, @volume=100>,
 @bgs=#<RPG::BGS:0x00000000053ceb28 @name="", @pitch=100, @volume=80>,
 @data=
  #<Table:0x00000000053ce4e8
   @data=
    [3584,
     3584,
     3584,
     3584,
     3584,
     3584,
     3584,
     3584,
     3584,
     3584,
     3584,
     3584,
     3584,
     3584,
     3584,
     3584,
     3584,
     3584,
     3584,
     3584,
     3584,
     3584,
     3584,
     3584,
     3584,
     3584,
     3584,
     3584,
     3584,
     3584,
     3584,
     3584,
     3584,
     3584,
     3584,
     3584,
     3584,
     3584,
     3584,
     3584,
     3584,
     3584,
     3584,
     3584,
     3584,
     3584,
     3584,
     3584,
     3584,
     3584,
     3584,
     3584,
     3584,
     3584,
     3584,
     3584,
     3584,
     3584,
     3584,
     3584,
     3584,
     3584,
     3584,
     3584,
     3584,
     3584,
     3584,
     3584,
     3584,
     3584,
     3584,
     3584,
     3584,
     3584,
     3584,
     3584,
     3584,
     3584,
     3584,
     3584,
     3584,
     3584,
     3584,
     3584,
     3584,
     3584,
     3584,
     3584,
     3584,
     3584,
     3584,
     3584,
     3584,
     3584,
     3584,
     3584,
     3584,
     3584,
     3584,
     3584,
     3584,
     3584,
     3584,
     3584,
     3584,
     3584,
     3584,
     3584,
     3584,
     3584,
     3584,
     3584,
     3584,
     3584,
     3584,
     3584,
     3584,
     3584,
     3584,
     3584,
     3584,
     3584,
     3584,
     3584,
     3584,
     3584,
     3584,
     3584,
     3584,
     3584,
     3584,
     3584,
     3584,
     3584,
     3584,
     3584,
     3584,
     3584,
     3584,
     3584,
     3584,
     3584,
     3584,
     3584,
     3584,
     3584,
     3584,
     3584,
     3584,
     3584,
     3584,
     3584,
     3584,
     3584,
     3584,
     3584,
     3584,
     3584,
     3584,
     3584,
     3584,
     3584,
     3584,
     3584,
     3584,
     3584,
     3584,
     3584,
     3584,
     3584,
     3584,
     3584,
     3584,
     3584,
     3584,
     3584,
     3584,
     3584,
     3584,
     3584,
     3584,
     3584,
     3584,
     3584,
     3584,
     3584,
     3584,
     3584,
     3584,
     3584,
     3588,
     3612,
     3612,
     3612,
     3592,
     3584,
     3584,
     3584,
     3584,
     3584,
     3584,
     3584,
     3584,
     3584,
     3584,
     3584,
     3584,
     3584,
     3584,
     3584,
     3584,
     3584,
     3584,
     3584,
     3584,
     3584,
     3584,
     3584,
     3584,
     3584,
     3584,
     3584,
     3584,
     3584,
     3588,
     3622,
     6738,
     6724,
     6740,
     3624,
     3592,
     3584,
     3584,
     3584,
     3584,
     3584,
     3584,
     3584,
     3584,
     3584,
     3584,
     3584,
     3584,
     3584,
     3584,
     3584,
     3584,
     3584,
     3584,
     3584,
     3584,
     3584,
     3584,
     3584,
     3584,
     3584,
     3584,
     3584,
     3588,
     3622,
     6738,
     6745,
     6732,
     6743,
     6741,
     3624,
     3592,
     3584,
     3584,
     3584,
     3584,
     3584,
     3584,
     3584,
     3584,
     3584,
     3584,
     3584,
     3584,
     3584,
     3584,
     3584,
     3584,
     3584,
     3584,
     3584,
     3584,
     3584,
     3584,
     3584,
     3584,
     3584,
     3588,
     3622,
     6738,
     6722,
     7099,
     7098,
     7102,
     6729,
     6740,
     3624,
     3592,
     3584,
     3584,
     3584,
     3584,
     3584,
     3584,
     3584,
     3584,
     3584,
     3584,
     3584,
     3584,
     3584,
     3584,
     3584,
     3584,
     3584,
     3584,
     3584,
     3584,
     3584,
     3584,
     3584,
     3588,
     3622,
     6738,
     6720,
     6744,
     6732,
     6732,
     6732,
     6742,
     6729,
     6740,
     3624,
     3592,
     3584,
     3584,
     3584,
     3584,
     3584,
     3584,
     3584,
     3584,
     3584,
     3584,
     3584,
     3584,
     3584,
     3584,
     3584,
     3584,
     3584,
     3584,
     3584,
     3584,
     3584,
     3588,
     3622,
     6738,
     6720,
     6722,
     7099,
     7098,
     7098,
     7098,
     7102,
     6729,
     6729,
     6740,
     3624,
     3592,
     3584,
     3584,
     3584,
     3584,
     3584,
     3584,
     3584,
     3584,
     3584,
     3584,
     3584,
     3584,
     3584,
     3584,
     3584,
     3584,
     3584,
     3584,
     3584,
     3588,
     3622,
     6738,
     6720,
     6720,
     6744,
     6732,
     6732,
     6732,
     6732,
     6732,
     6742,
     6729,
     6729,
     6740,
     3624,
     3592,
     3584,
     3584,
     3584,
     3584,
     3584,
     3584,
     3584,
     3584,
     3584,
     3584,
     3584,
     3584,
     3584,
     3584,
     3584,
     3584,
     3584,
     3588,
     3622,
     6738,
     6720,
     6720,
     6722,
     7099,
     7098,
     7098,
     7098,
     7098,
     7098,
     7102,
     6729,
     6729,
     6729,
     6740,
     3624,
     3592,
     3584,
     3584,
     3584,
     3584,
     3584,
     3584,
     3584,
     3584,
     3584,
     3584,
     3584,
     3584,
     3584,
     3584,
     3584,
     3588,
     3622,
     6738,
     6720,
     6720,
     6720,
     6744,
     6732,
     6732,
     6732,
     6732,
     6732,
     6732,
     6732,
     6742,
     6729,
     6729,
     6729,
     6740,
     3624,
     3592,
     3584,
     3584,
     3584,
     3584,
     3584,
     3584,
     3584,
     3584,
     3584,
     3584,
     3584,
     3584,
     3584,
     3588,
     3622,
     6738,
     6720,
     6720,
     6720,
     6722,
     7099,
     7098,
     7098,
     7098,
     7098,
     7098,
     7098,
     7098,
     7102,
     6729,
     6729,
     6729,
     6728,
     6740,
     3624,
     3592,
     3584,
     3584,
     3584,
     3584,
     3584,
     3584,
     3584,
     3584,
     3584,
     3584,
     3584,
     3588,
     3622,
     6738,
     6720,
     6720,
     6720,
     6720,
     6744,
     6732,
     6732,
     6732,
     6732,
     6732,
     6732,
     6732,
     6732,
     6732,
     6742,
     6729,
     6729,
     6728,
     6728,
     6740,
     3624,
     3592,
     3584,
     3584,
     3584,
     3584,
     3584,
     3584,
     3584,
     3584,
     3584,
     3588,
     3622,
     6738,
     6720,
     6720,
     6720,
     6720,
     6722,
     7099,
     7098,
     7098,
     7098,
     7098,
     7098,
     7098,
     7098,
     7098,
     7098,
     7102,
     6729,
     6729,
     6728,
     6728,
     6728,
     6740,
     3624,
     3592,
     3584,
     3584,
     3584,
     3584,
     3584,
     3584,
     3584,
     3588,
     3622,
     6738,
     6720,
     6720,
     6720,
     6720,
     6720,
     6744,
     6732,
     6732,
     6732,
     6732,
     6732,
     6732,
     6732,
     6732,
     6732,
     6732,
     6732,
     6742,
     6729,
     6728,
     6728,
     6728,
     6728,
     6740,
     3624,
     3592,
     3584,
     3584,
     3584,
     3584,
     3584,
     3584,
     3608,
     6738,
     6720,
     6720,
     6720,
     6720,
     6720,
     6722,
     7099,
     7098,
     7098,
     7098,
     7098,
     7098,
     7098,
     7098,
     7098,
     7098,
     7098,
     7098,
     7102,
     6729,
     6728,
     6728,
     6728,
     6728,
     6728,
     6740,
     3600,
     3584,
     3584,
     3584,
     3612,
     3592,
     3584,
     3608,
     6720,
     6720,
     6720,
     6720,
     6720,
     6720,
     6744,
     6732,
     6732,
     6732,
     6732,
     6732,
     6732,
     6732,
     6732,
     6732,
     6732,
     6732,
     6732,
     6732,
     6742,
     6729,
     6728,
     6728,
     6728,
     6728,
     6728,
     3600,
     3584,
     3584,
     3584,
     1558,
     3624,
     3592,
     3608,
     6720,
     6720,
     6720,
     6720,
     6720,
     6722,
     7099,
     7098,
     7098,
     7098,
     7098,
     7098,
     7098,
     7098,
     7098,
     7098,
     7098,
     7098,
     7098,
     7098,
     7102,
     6729,
     6728,
     6728,
     6728,
     6728,
     6728,
     3600,
     3584,
     3584,
     3584,
     1558,
     1558,
     3600,
     3608,
     6720,
     6720,
     6720,
     6720,
     6722,
     6744,
     6732,
     6732,
     6732,
     6732,
     6732,
     6732,
     6732,
     6732,
     6732,
     6732,
     6732,
     6732,
     6732,
     6732,
     6732,
     6742,
     6729,
     6728,
     6728,
     6728,
     6728,
     3600,
     3584,
     3584,
     3584,
     1558,
     1558,
     3600,
     3608,
     6720,
     6720,
     6720,
     6720,
     6722,
     7099,
     7098,
     7098,
     7098,
     7098,
     7098,
     7098,
     7098,
     7098,
     7098,
     7098,
     7098,
     7098,
     7098,
     7098,
     7098,
     7102,
     6729,
     6728,
     6728,
     6728,
     6728,
     3600,
     3584,
     3584,
     3584,
     1558,
     1558,
     3600,
     3608,
     6720,
     6720,
     6720,
     6722,
     6744,
     6732,
     6732,
     6732,
     6732,
     6732,
     6732,
     6732,
     6732,
     6732,
     6732,
     6732,
     6732,
     6732,
     6732,
     6732,
     6732,
     6732,
     6742,
     6729,
     6728,
     6728,
     6728,
     3600,
     3584,
     3584,
     3584,
     1558,
     1558,
     3600,
     3608,
     6720,
     6720,
     6720,
     6722,
     7099,
     7098,
     7098,
     7098,
     7098,
     7098,
     7098,
     7098,
     7098,
     7098,
     7098,
     7098,
     7098,
     7098,
     7098,
     7098,
     7098,
     7098,
     7102,
     6729,
     6728,
     6728,
     6728,
     3600,
     3584,
     3584,
     3584,
     1558,
     1558,
     3600,
     3608,
     6720,
     6720,
     6722,
     6744,
     6732,
     6732,
     6732,
     6732,
     6732,
     6732,
     6732,
     6712,
     6704,
     6704,
     6704,
     6708,
     6732,
     6732,
     6732,
     6732,
     6732,
     6732,
     6732,
     6742,
     6729,
     6728,
     6728,
     3600,
     3584,
     3584,
     3584,
     1558,
     1558,
     3600,
     3608,
     6720,
     6720,
     6722,
     7099,
     7098,
     7098,
     7098,
     7098,
     7098,
     7098,
     7098,
     6744,
     6732,
     6732,
     6732,
     6742,
     7098,
     7098,
     7098,
     7098,
     7098,
     7098,
     7098,
     7102,
     6729,
     6728,
     6728,
     3600,
     3584,
     3584,
     3584,
     1558,
     1558,
     3600,
     3608,
     6720,
     6722,
     6744,
     6732,
     6732,
     6732,
     6732,
     6732,
     6732,
     6732,
     6732,
     7090,
     7090,
     7090,
     7090,
     7090,
     6732,
     6732,
     6732,
     6732,
     6732,
     6732,
     6732,
     6732,
     6742,
     6729,
     6728,
     3600,
     3584,
     3584,
     3584,
     1558,
     1558,
     3600,
     3608,
     6720,
     6722,
     7099,
     7098,
     7098,
     7098,
     7098,
     7098,
     7098,
     7098,
     7098,
     7088,
     7088,
     7088,
     7088,
     7088,
     7098,
     7098,
     7098,
     7098,
     7098,
     7098,
     7098,
     7098,
     7102,
     6729,
     6728,
     3600,
     3584,
     3584,
     3584,
     1558,
     3627,
     3593,
     3608,
     6722,
     6744,
     6732,
     6732,
     6732,
     6732,
     6732,
     6732,
     6732,
     6732,
     6742,
     7096,
     7096,
     7096,
     7096,
     7096,
     6744,
     6732,
     6732,
     6732,
     6732,
     6732,
     6732,
     6732,
     6732,
     6742,
     6729,
     3600,
     3584,
     3584,
     3584,
     3629,
     1558,
     3600,
     3608,
     6722,
     7099,
     7098,
     7098,
     7098,
     7098,
     7098,
     7098,
     7098,
     7098,
     7102,
     6706,
     6724,
     6724,
     6705,
     6704,
     7099,
     7098,
     7098,
     7098,
     7098,
     7098,
     7098,
     7098,
     7098,
     7102,
     6729,
     3600,
     3584,
     3584,
     3584,
     1558,
     1558,
     3600,
     3608,
     6744,
     6732,
     6732,
     6732,
     6732,
     6732,
     6732,
     6732,
     6732,
     6732,
     6732,
     6713,
     6704,
     6704,
     6704,
     6710,
     6732,
     6732,
     6732,
     6732,
     6732,
     6732,
     6732,
     6732,
     6732,
     6732,
     6742,
     3600,
     3584,
     3584,
     3584,
     3604,
     3604,
     3585,
     3608,
     7099,
     7098,
     7098,
     7098,
     7098,
     7098,
     7098,
     7098,
     7098,
     7098,
     7098,
     6744,
     6732,
     6732,
     6732,
     6742,
     7098,
     7098,
     7098,
     7098,
     7098,
     7098,
     7098,
     7098,
     7098,
     7098,
     7102,
     3600,
     3584,
     3584,
     3584,
     3584,
     3584,
     3584,
     3586,
     3604,
     3605,
     3617,
     3606,
     3605,
     3617,
     3606,
     3604,
     3604,
     3604,
     3620,
     7099,
     7098,
     1579,
     7098,
     7102,
     3618,
     3604,
     3605,
     3617,
     3617,
     3617,
     3617,
     3617,
     3617,
     3617,
     3606,
     3585,
     3584,
     3584,
     3584,
     3612,
     3612,
     3612,
     3592,
     3584,
     3608,
     1558,
     3600,
     3608,
     1558,
     3600,
     3588,
     3612,
     3592,
     3586,
     3604,
     3604,
     3604,
     3604,
     3604,
     3585,
     3588,
     3622,
     1558,
     1558,
     1558,
     1558,
     1558,
     1558,
     1558,
     3602,
     3612,
     3612,
     3592,
     3584,
     1558,
     1558,
     1558,
     3600,
     3584,
     3590,
     3617,
     3593,
     3590,
     3617,
     3597,
     3622,
     1558,
     3600,
     3584,
     3584,
     3584,
     3584,
     3584,
     3584,
     3584,
     3608,
     1558,
     1558,
     1558,
     1558,
     1558,
     1558,
     1558,
     1558,
     3628,
     1558,
     1558,
     3624,
     3592,
     1558,
     1558,
     1558,
     3624,
     3592,
     3608,
     1558,
     3600,
     3608,
     1558,
     3616,
     1558,
     3618,
     3585,
     3584,
     3584,
     3584,
     3584,
     3584,
     3584,
     3584,
     3608,
     1558,
     1558,
     1558,
     1558,
     1558,
     1558,
     1558,
     3630,
     1558,
     1558,
     1558,
     1558,
     3600,
     3620,
     1558,
     1558,
     1558,
     3600,
     3590,
     3617,
     3593,
     3590,
     3617,
     3623,
     1558,
     3624,
     3612,
     3592,
     3584,
     3584,
     3584,
     3584,
     3584,
     3584,
     3586,
     3620,
     1558,
     1558,
     1558,
     1558,
     1558,
     1558,
     1558,
     1558,
     1558,
     1558,
     3618,
     3585,
     3614,
     3617,
     3629,
     1558,
     3600,
     3608,
     1558,
     3600,
     3608,
     1558,
     1558,
     1558,
     1558,
     1558,
     3600,
     3584,
     3584,
     3584,
     3584,
     3584,
     3584,
     3584,
     3608,
     1558,
     1558,
     1558,
     1558,
     1558,
     1558,
     1558,
     1558,
     3626,
     1558,
     3600,
     3584,
     1558,
     1558,
     1558,
     1558,
     3600,
     3586,
     3604,
     3585,
     3608,
     1558,
     3618,
     3620,
     1558,
     3618,
     3585,
     3584,
     3584,
     3584,
     3584,
     3584,
     3584,
     3588,
     3622,
     1558,
     1558,
     1558,
     1558,
     3618,
     3604,
     3604,
     3604,
     3587,
     3604,
     3585,
     3584,
     3604,
     3604,
     3604,
     3604,
     3585,
     3584,
     3584,
     3584,
     3608,
     1558,
     3600,
     3586,
     3604,
     3585,
     3584,
     3584,
     3584,
     3584,
     3584,
     3584,
     3584,
     3608,
     1558,
     1558,
     1558,
     1558,
     3618,
     3585,
     3584,
     3584,
     3584,
     3584,
     3584,
     3584,
     3584,
     3584,
     3584,
     3584,
     3584,
     3584,
     3584,
     3584,
     3584,
     3586,
     3604,
     3585,
     3584,
     3584,
     3584,
     3584,
     3584,
     3584,
     3584,
     3584,
     3584,
     3584,
     3586,
     3604,
     3604,
     3604,
     3604,
     3585,
     3584,
     3584,
     3584,
     3584,
     3584,
     3584,
     3584,
     3584,
     0,
     0,
     0,
     0,
     0,
     0,
     0,
     0,
     0,
     0,
     0,
     0,
     0,
     0,
     0,
     0,
     0,
     0,
     0,
     0,
     0,
     0,
     0,
     0,
     0,
     0,
     0,
     0,
     0,
     0,
     0,
     0,
     0,
     0,
     0,
     0,
     0,
     0,
     0,
     0,
     0,
     0,
     0,
     0,
     0,
     0,
     0,
     0,
     0,
     0,
     0,
     0,
     0,
     0,
     0,
     0,
     0,
     0,
     0,
     0,
     0,
     0,
     0,
     0,
     0,
     0,
     0,
     0,
     0,
     0,
     0,
     0,
     0,
     0,
     0,
     0,
     0,
     0,
     0,
     0,
     0,
     0,
     0,
     0,
     0,
     0,
     0,
     0,
     0,
     0,
     0,
     0,
     0,
     0,
     0,
     0,
     0,
     0,
     0,
     0,
     0,
     0,
     0,
     0,
     0,
     0,
     0,
     0,
     0,
     0,
     0,
     0,
     0,
     0,
     0,
     0,
     0,
     0,
     0,
     0,
     0,
     0,
     0,
     0,
     0,
     0,
     0,
     0,
     0,
     0,
     0,
     0,
     0,
     0,
     0,
     0,
     0,
     0,
     0,
     0,
     0,
     0,
     0,
     0,
     0,
     0,
     0,
     0,
     0,
     0,
     0,
     0,
     0,
     0,
     0,
     0,
     0,
     0,
     0,
     0,
     0,
     0,
     0,
     0,
     0,
     0,
     0,
     0,
     0,
     0,
     0,
     0,
     0,
     0,
     0,
     0,
     0,
     0,
     0,
     0,
     0,
     0,
     0,
     0,
     0,
     0,
     0,
     0,
     0,
     0,
     0,
     0,
     0,
     0,
     0,
     0,
     0,
     0,
     0,
     0,
     0,
     0,
     0,
     0,
     0,
     0,
     0,
     0,
     0,
     0,
     0,
     0,
     0,
     0,
     0,
     0,
     0,
     0,
     0,
     0,
     0,
     0,
     0,
     0,
     0,
     0,
     0,
     0,
     0,
     0,
     0,
     0,
     0,
     0,
     0,
     0,
     0,
     0,
     0,
     0,
     0,
     0,
     0,
     0,
     0,
     0,
     0,
     0,
     0,
     0,
     0,
     0,
     0,
     0,
     0,
     0,
     0,
     0,
     0,
     0,
     0,
     0,
     0,
     0,
     0,
     0,
     0,
     0,
     0,
     0,
     0,
     0,
     0,
     0,
     0,
     0,
     0,
     0,
     0,
     0,
     0,
     0,
     0,
     0,
     0,
     0,
     0,
     0,
     0,
     0,
     0,
     0,
     0,
     0,
     0,
     0,
     0,
     0,
     0,
     0,
     0,
     0,
     0,
     0,
     0,
     0,
     0,
     0,
     0,
     0,
     0,
     0,
     0,
     0,
     0,
     0,
     0,
     0,
     0,
     0,
     0,
     0,
     0,
     0,
     0,
     0,
     0,
     0,
     0,
     0,
     0,
     0,
     0,
     0,
     0,
     0,
     0,
     0,
     0,
     0,
     0,
     0,
     0,
     0,
     0,
     0,
     0,
     0,
     0,
     0,
     0,
     0,
     0,
     0,
     0,
     0,
     0,
     0,
     0,
     0,
     0,
     0,
     0,
     0,
     0,
     0,
     0,
     0,
     0,
     0,
     0,
     0,
     0,
     0,
     0,
     0,
     0,
     0,
     0,
     0,
     0,
     0,
     0,
     0,
     0,
     0,
     0,
     0,
     0,
     0,
     0,
     0,
     0,
     0,
     0,
     0,
     0,
     0,
     0,
     0,
     0,
     0,
     0,
     0,
     0,
     0,
     0,
     0,
     0,
     0,
     0,
     0,
     0,
     0,
     0,
     0,
     0,
     0,
     0,
     0,
     0,
     0,
     0,
     0,
     0,
     0,
     0,
     0,
     0,
     0,
     0,
     0,
     0,
     0,
     0,
     0,
     0,
     0,
     0,
     0,
     0,
     0,
     0,
     0,
     0,
     0,
     0,
     0,
     0,
     0,
     0,
     0,
     0,
     0,
     0,
     0,
     0,
     0,
     0,
     0,
     0,
     0,
     0,
     0,
     0,
     0,
     0,
     0,
     0,
     0,
     0,
     0,
     0,
     0,
     0,
     0,
     0,
     0,
     0,
     0,
     0,
     0,
     0,
     0,
     0,
     0,
     0,
     0,
     0,
     0,
     0,
     0,
     0,
     0,
     0,
     0,
     0,
     0,
     0,
     0,
     0,
     0,
     0,
     0,
     0,
     0,
     0,
     0,
     0,
     0,
     0,
     0,
     0,
     0,
     0,
     0,
     0,
     0,
     0,
     0,
     0,
     0,
     0,
     0,
     0,
     0,
     0,
     0,
     0,
     0,
     0,
     0,
     0,
     0,
     0,
     0,
     0,
     0,
     0,
     0,
     0,
     0,
     0,
     0,
     0,
     0,
     0,
     0,
     0,
     0,
     0,
     0,
     0,
     0,
     0,
     0,
     0,
     0,
     0,
     0,
     0,
     0,
     0,
     0,
     0,
     0,
     0,
     0,
     0,
     0,
     0,
     0,
     0,
     0,
     0,
     0,
     0,
     0,
     0,
     0,
     0,
     0,
     0,
     0,
     0,
     0,
     0,
     0,
     0,
     0,
     0,
     0,
     0,
     0,
     0,
     0,
     0,
     0,
     0,
     0,
     0,
     0,
     0,
     0,
     0,
     0,
     0,
     0,
     0,
     0,
     0,
     0,
     0,
     0,
     0,
     0,
     0,
     0,
     0,
     0,
     0,
     0,
     0,
     0,
     0,
     0,
     0,
     0,
     0,
     0,
     0,
     0,
     0,
     0,
     0,
     0,
     0,
     0,
     0,
     0,
     0,
     0,
     0,
     0,
     0,
     0,
     0,
     0,
     0,
     0,
     0,
     0,
     0,
     0,
     0,
     0,
     0,
     0,
     0,
     0,
     0,
     0,
     0,
     0,
     0,
     0,
     0,
     0,
     0,
     0,
     0,
     0,
     0,
     0,
     0,
     0,
     0,
     0,
     0,
     0,
     0,
     0,
     0,
     0,
     0,
     0,
     0,
     0,
     0,
     0,
     0,
     0,
     0,
     0,
     0,
     0,
     0,
     0,
     0,
     0,
     0,
     0,
     0,
     0,
     0,
     0,
     0,
     0,
     0,
     0,
     0,
     0,
     0,
     0,
     0,
     0,
     0,
     0,
     0,
     0,
     0,
     0,
     0,
     0,
     0,
     0,
     0,
     0,
     0,
     0,
     0,
     0,
     0,
     0,
     0,
     0,
     0,
     0,
     0,
     0,
     0,
     0,
     0,
     0,
     0,
     0,
     0,
     0,
     0,
     0,
     0,
     0,
     0,
     0,
     0,
     0,
     0,
     0,
     0,
     0,
     0,
     0,
     0,
     0,
     0,
     0,
     0,
     0,
     0,
     0,
     0,
     0,
     0,
     0,
     0,
     0,
     0,
     0,
     0,
     0,
     0,
     0,
     0,
     0,
     0,
     0,
     0,
     0,
     0,
     0,
     0,
     0,
     0,
     0,
     0,
     0,
     0,
     0,
     0,
     0,
     0,
     0,
     0,
     0,
     0,
     0,
     0,
     0,
     0,
     0,
     0,
     0,
     0,
     0,
     0,
     0,
     0,
     0,
     0,
     0,
     0,
     0,
     0,
     0,
     0,
     0,
     0,
     0,
     0,
     0,
     0,
     0,
     0,
     0,
     0,
     0,
     0,
     0,
     0,
     0,
     0,
     0,
     0,
     0,
     0,
     0,
     0,
     0,
     0,
     0,
     0,
     0,
     0,
     0,
     0,
     0,
     0,
     0,
     0,
     0,
     0,
     0,
     0,
     0,
     0,
     0,
     0,
     0,
     0,
     0,
     0,
     0,
     0,
     0,
     0,
     0,
     0,
     0,
     0,
     0,
     0,
     0,
     0,
     0,
     0,
     0,
     0,
     0,
     0,
     0,
     0,
     0,
     0,
     0,
     0,
     0,
     0,
     0,
     0,
     0,
     0,
     0,
     0,
     0,
     0,
     0,
     0,
     0,
     0,
     0,
     0,
     0,
     0,
     0,
     0,
     0,
     0,
     0,
     0,
     0,
     0,
     0,
     0,
     0,
     0,
     0,
     0,
     0,
     0,
     0,
     0,
     0,
     0,
     0,
     0,
     0,
     0,
     0,
     0,
     0,
     0,
     0,
     0,
     0,
     0,
     0,
     0,
     0,
     0,
     0,
     0,
     0,
     0,
     0,
     0,
     0,
     0,
     0,
     0,
     0,
     0,
     0,
     0,
     0,
     0,
     0,
     0,
     0,
     0,
     0,
     0,
     0,
     0,
     0,
     0,
     0,
     0,
     0,
     0,
     0,
     0,
     0,
     0,
     0,
     0,
     0,
     0,
     0,
     0,
     0,
     0,
     0,
     0,
     0,
     0,
     0,
     0,
     0,
     0,
     0,
     0,
     0,
     0,
     0,
     0,
     0,
     0,
     0,
     0,
     0,
     0,
     0,
     0,
     0,
     0,
     0,
     0,
     0,
     0,
     0,
     0,
     0,
     0,
     0,
     0,
     0,
     0,
     0,
     0,
     0,
     0,
     0,
     0,
     0,
     0,
     0,
     0,
     0,
     0,
     0,
     0,
     0,
     0,
     0,
     0,
     0,
     0,
     0,
     0,
     0,
     0,
     0,
     0,
     0,
     0,
     0,
     0,
     0,
     0,
     0,
     0,
     0,
     0,
     0,
     0,
     0,
     0,
     0,
     0,
     0,
     0,
     0,
     0,
     0,
     0,
     0,
     0,
     0,
     0,
     0,
     0,
     0,
     0,
     0,
     0,
     0,
     0,
     0,
     0,
     0,
     0,
     0,
     0,
     0,
     0,
     0,
     0,
     0,
     0,
     0,
     0,
     0,
     0,
     0,
     0,
     0,
     0,
     0,
     0,
     0,
     0,
     0,
     0,
     0,
     0,
     0,
     0,
     0,
     0,
     0,
     0,
     0,
     0,
     0,
     0,
     0,
     0,
     0,
     0,
     0,
     0,
     0,
     0,
     0,
     0,
     0,
     0,
     0,
     0,
     0,
     0,
     0,
     0,
     0,
     0,
     0,
     0,
     0,
     0,
     0,
     0,
     0,
     0,
     0,
     0,
     0,
     0,
     0,
     0,
     0,
     0,
     0,
     0,
     0,
     0,
     0,
     0,
     0,
     0,
     0,
     0,
     0,
     0,
     0,
     0,
     0,
     0,
     0,
     0,
     0,
     0,
     0,
     0,
     0,
     0,
     0,
     0,
     0,
     0,
     0,
     0,
     0,
     0,
     0,
     0,
     0,
     0,
     0,
     0,
     0,
     0,
     0,
     0,
     0,
     0,
     0,
     0,
     0,
     0,
     0,
     0,
     0,
     0,
     0,
     0,
     0,
     0,
     0,
     0,
     0,
     0,
     0,
     0,
     0,
     0,
     0,
     0,
     0,
     0,
     0,
     0,
     0,
     0,
     0,
     0,
     0,
     0,
     0,
     0,
     0,
     0,
     0,
     0,
     0,
     0,
     0,
     0,
     0,
     0,
     0,
     0,
     0,
     0,
     0,
     0,
     0,
     0,
     0,
     0,
     0,
     0,
     0,
     0,
     0,
     0,
     0,
     0,
     0,
     0,
     0,
     0,
     0,
     0,
     0,
     0,
     0,
     0,
     0,
     0,
     0,
     0,
     0,
     0,
     0,
     0,
     0,
     0,
     0,
     0,
     0,
     0,
     0,
     0,
     0,
     0,
     0,
     0,
     0,
     0,
     0,
     0,
     0,
     0,
     0,
     0,
     0,
     0,
     0,
     0,
     0,
     0,
     0,
     0,
     0,
     0,
     0,
     0,
     0,
     0,
     0,
     0,
     0,
     0,
     0,
     0,
     0,
     0,
     0,
     0,
     0,
     0,
     0,
     0,
     0,
     0,
     0,
     0,
     0,
     0,
     0,
     0,
     0,
     0,
     0,
     0,
     0,
     0,
     0,
     0,
     0,
     0,
     0,
     0,
     0,
     0,
     0,
     0,
     0,
     0,
     0,
     0,
     0,
     0,
     0,
     0,
     0,
     0,
     0,
     0,
     0,
     0,
     0,
     0,
     0,
     0,
     0,
     0,
     0,
     0,
     0,
     0,
     0,
     0,
     0,
     0,
     0,
     0,
     0,
     0,
     0,
     0,
     0,
     0,
     0,
     0,
     0,
     0,
     0,
     0,
     0,
     0,
     0,
     0,
     0,
     0,
     0,
     0,
     0,
     0,
     0,
     0,
     0,
     0,
     0,
     0,
     0,
     0,
     0,
     0,
     0,
     0,
     0,
     0,
     0,
     0,
     0,
     0,
     0,
     0,
     0,
     0,
     0,
     0,
     0,
     0,
     0,
     0,
     0,
     0,
     0,
     0,
     0,
     0,
     0,
     0,
     0,
     0,
     0,
     0,
     0,
     0,
     0,
     0,
     0,
     0,
     0,
     0,
     0,
     0,
     0,
     0,
     0,
     0,
     0,
     0,
     0,
     0,
     0,
     0,
     0,
     0,
     0,
     0,
     0,
     0,
     0,
     0,
     0,
     0,
     0,
     0,
     0,
     0,
     0,
     0,
     0,
     0,
     0,
     0,
     0,
     0,
     0,
     0,
     0,
     0,
     0,
     0,
     0,
     0,
     0,
     0,
     0,
     0,
     0,
     0,
     0,
     0,
     0,
     0,
     0,
     0,
     0,
     0,
     0,
     0,
     0,
     0,
     0,
     0,
     0,
     0,
     0,
     0,
     0,
     0,
     0,
     0,
     0,
     0,
     0,
     0,
     0,
     0,
     0,
     0,
     0,
     0,
     0,
     0,
     0,
     0,
     0,
     0,
     0,
     0,
     0,
     0,
     0,
     0,
     0,
     0,
     0,
     0,
     0,
     0,
     0,
     0,
     0,
     0,
     0,
     0,
     0,
     0,
     0,
     0,
     0,
     0,
     0,
     0,
     0,
     0,
     0,
     0,
     0,
     0,
     0,
     0,
     0,
     0,
     0,
     0,
     0,
     0,
     0,
     0,
     0,
     0,
     0,
     0,
     0,
     0,
     0,
     0,
     0,
     0,
     0,
     0,
     0,
     0,
     0,
     0,
     0,
     0,
     0,
     0,
     0,
     0,
     0,
     0,
     0,
     0,
     0,
     0,
     0,
     0,
     0,
     0,
     0,
     0,
     0,
     0,
     0,
     0,
     0,
     0,
     0,
     0,
     0,
     0,
     0,
     0,
     0,
     0,
     0,
     0,
     0,
     0,
     0,
     0,
     0,
     0,
     0,
     0,
     0,
     0,
     0,
     0,
     0,
     0,
     0,
     0,
     0,
     0,
     0,
     0,
     0,
     0,
     0,
     0,
     0,
     0,
     0,
     0,
     0,
     0,
     0,
     0,
     0,
     0,
     0,
     0,
     0,
     0,
     0,
     0,
     0,
     0,
     0,
     0,
     0,
     0,
     0,
     0,
     0,
     0,
     0,
     0,
     0,
     0,
     0,
     0,
     0,
     0,
     0,
     0,
     0,
     0,
     0,
     0,
     0,
     0,
     0,
     0,
     0,
     0,
     0,
     0,
     0,
     0,
     0,
     0,
     0,
     0,
     0,
     0,
     0,
     0,
     0,
     0,
     0,
     0,
     0,
     0,
     0,
     0,
     0,
     0,
     0,
     0,
     0,
     0,
     0,
     0,
     0,
     0,
     0,
     0,
     0,
     0,
     0,
     0,
     0,
     0,
     0,
     0,
     0,
     0,
     0,
     0,
     0,
     0,
     0,
     0,
     0,
     0,
     0,
     0,
     0,
     0,
     0,
     0,
     0,
     0,
     0,
     0,
     0,
     0,
     0,
     0,
     0,
     0,
     0,
     0,
     0,
     0,
     0,
     0,
     0,
     0,
     0,
     0,
     0,
     0,
     0,
     0,
     0,
     0,
     0,
     0,
     0,
     0,
     0,
     0,
     0,
     0,
     0,
     0,
     0,
     0,
     0,
     0,
     0,
     0,
     0,
     0,
     0,
     0,
     0,
     0,
     0,
     0,
     0,
     0,
     0,
     0,
     0,
     0,
     0,
     0,
     0,
     0,
     0,
     0,
     0,
     0,
     0,
     0,
     0,
     0,
     0,
     0,
     0,
     0,
     0,
     0,
     0,
     0,
     0,
     0,
     0,
     0,
     0,
     0,
     0,
     0,
     0,
     0,
     0,
     0,
     0,
     0,
     0,
     0,
     0,
     0,
     0,
     0,
     0,
     0,
     0,
     0,
     0,
     0,
     0,
     0,
     0,
     0,
     0,
     0,
     0,
     0,
     0,
     0,
     0,
     0,
     0,
     0,
     0,
     0,
     0,
     0,
     0,
     0,
     0,
     0,
     0,
     0,
     0,
     0,
     0,
     0,
     0,
     0,
     0,
     0,
     0,
     0,
     0,
     0,
     0,
     0,
     0,
     0,
     0,
     0,
     0,
     0,
     0,
     0,
     0,
     0,
     0,
     0,
     0,
     0,
     0,
     0,
     0,
     0,
     0,
     0,
     0,
     0,
     0,
     0,
     0,
     0,
     0,
     0,
     0,
     0,
     0,
     0,
     0,
     0,
     0,
     0,
     0,
     0,
     0,
     0,
     0,
     0,
     0,
     0,
     0,
     0,
     0,
     0,
     0,
     0,
     0,
     0,
     0,
     0,
     0,
     0,
     0,
     0,
     0,
     0,
     0,
     0,
     0,
     0,
     0,
     0,
     0,
     0,
     0,
     0,
     0,
     0,
     0,
     0,
     0,
     0,
     0,
     0,
     0,
     0,
     0,
     0,
     0,
     0,
     0,
     0,
     0,
     0,
     0,
     0,
     0,
     0,
     0,
     0,
     0,
     0,
     0,
     0,
     0,
     0,
     0,
     0,
     0,
     0,
     0,
     0,
     0,
     0,
     0,
     0,
     0,
     0,
     0,
     0,
     0,
     0,
     0,
     0,
     0,
     0,
     0,
     0,
     0,
     0,
     0,
     0,
     0,
     0,
     0,
     0,
     0,
     0,
     0,
     0,
     0,
     0,
     0,
     0,
     0,
     0,
     0,
     0,
     0,
     0,
     0,
     0,
     0,
     0,
     0,
     0,
     0,
     0,
     0,
     0,
     0,
     0,
     0,
     0,
     0,
     0,
     0,
     0,
     0,
     0,
     0,
     0,
     0,
     0,
     0,
     0,
     0,
     0,
     0,
     0,
     0,
     0,
     0,
     0,
     0,
     0,
     0,
     0,
     0,
     0,
     0,
     0,
     0,
     0,
     0,
     0,
     0,
     0,
     0,
     0,
     0,
     0,
     0,
     0,
     0,
     0,
     0,
     0,
     0,
     0,
     0,
     0,
     0,
     0,
     0,
     0,
     0,
     0,
     0,
     0,
     0,
     0,
     0,
     0,
     0,
     0,
     0,
     0,
     0,
     0,
     0,
     0,
     0,
     0,
     0,
     0,
     0,
     0,
     0,
     0,
     0,
     0,
     0,
     0,
     0,
     0,
     0,
     0,
     0,
     0,
     0,
     0,
     0,
     0,
     0,
     0,
     0,
     0,
     0,
     0,
     0,
     0,
     0,
     0,
     0,
     0,
     0,
     0,
     0,
     0,
     0,
     0,
     0,
     0,
     0,
     0,
     0,
     0,
     0,
     0,
     0,
     0,
     0,
     0,
     0,
     0,
     0,
     0,
     0,
     0,
     0,
     0,
     0,
     0,
     0,
     0,
     0,
     0,
     0,
     0,
     0,
     0,
     0,
     0,
     0,
     0,
     0,
     0,
     0,
     0,
     0,
     0,
     0,
     0,
     0,
     0,
     0,
     0,
     0,
     0,
     0,
     0,
     0,
     0,
     0,
     0,
     0,
     0,
     0,
     0,
     0,
     0,
     0,
     0,
     0,
     0,
     0,
     0,
     0,
     0,
     0,
     0,
     0,
     0,
     0,
     0,
     0,
     0,
     0,
     0,
     0,
     0,
     0,
     0,
     0,
     0,
     0,
     0,
     0,
     0,
     0,
     0,
     0,
     0,
     0,
     0,
     0,
     0,
     0,
     0,
     0,
     0,
     0,
     0,
     0,
     0,
     0,
     0,
     0,
     0,
     0,
     0,
     0,
     0,
     0,
     0,
     0,
     0,
     0,
     0,
     0,
     0,
     0,
     0,
     0,
     0,
     0,
     0,
     0,
     0,
     0,
     0,
     0,
     0,
     0,
     0,
     0,
     0,
     0,
     0,
     0,
     0,
     0,
     0,
     0,
     0,
     0,
     0,
     0,
     0,
     0,
     0,
     0,
     0,
     0,
     0,
     0,
     0,
     0,
     0,
     0,
     0,
     0,
     0,
     0,
     0,
     0,
     0,
     0,
     0,
     0,
     0,
     0,
     0,
     0,
     0,
     0,
     0,
     0,
     0,
     0,
     0,
     0,
     0,
     0,
     0,
     0,
     0,
     0,
     0,
     0,
     0,
     0,
     0,
     0,
     0,
     0,
     0,
     0,
     0,
     0,
     0,
     0,
     0,
     0,
     0,
     0,
     0,
     0,
     0,
     0,
     0,
     0,
     0,
     0,
     0,
     0,
     0,
     0,
     0,
     0,
     0,
     0,
     0,
     0,
     0,
     0,
     0,
     0,
     0,
     0,
     0,
     0,
     0,
     0,
     0,
     0,
     0,
     0,
     0,
     0,
     0,
     0,
     0,
     0,
     0,
     0,
     0,
     0,
     0,
     0,
     0,
     0,
     0,
     0,
     0,
     0,
     0,
     0,
     0,
     0,
     0,
     0,
     0,
     0,
     0,
     0,
     0,
     0,
     0,
     0,
     0,
     0,
     0,
     0,
     0,
     0,
     0,
     0,
     0,
     0,
     0,
     0,
     0,
     0,
     0,
     0,
     0,
     0,
     0,
     0,
     0,
     0,
     0,
     0,
     0,
     0,
     0,
     0,
     0,
     0,
     0,
     0,
     0,
     0,
     0,
     0,
     0,
     0,
     0,
     0,
     0,
     0,
     0,
     0,
     0,
     0,
     0,
     0,
     0,
     0,
     0,
     0,
     0,
     0,
     0,
     0,
     0,
     0,
     0,
     0,
     0,
     0,
     0,
     0,
     0,
     0,
     0,
     0,
     0,
     0,
     0,
     0,
     0,
     0,
     0,
     0,
     0,
     0,
     0,
     0,
     0,
     0,
     0,
     0,
     0,
     0,
     0,
     0,
     0,
     0,
     0,
     0,
     0,
     0,
     0,
     0,
     0,
     0,
     0,
     0,
     0,
     0,
     0,
     0,
     0,
     0,
     0,
     0,
     0,
     0,
     0,
     0,
     0,
     0,
     0,
     0,
     0,
     0,
     0,
     0,
     0,
     0,
     0,
     0,
     0,
     0,
     0,
     0,
     0,
     0,
     0,
     0,
     0,
     0,
     0,
     0,
     0,
     0,
     0,
     0,
     0,
     0,
     0,
     0,
     0,
     0,
     0,
     0,
     0,
     0,
     0,
     0,
     0,
     0,
     0,
     0,
     0,
     0,
     0,
     0,
     0,
     0,
     0,
     0,
     0,
     0,
     0,
     0,
     0,
     0,
     0,
     0,
     0,
     0,
     0,
     0,
     0,
     0,
     0,
     0,
     0,
     0,
     0,
     0,
     0,
     0,
     0,
     0,
     0,
     0,
     0,
     0,
     0,
     0,
     0,
     0,
     0,
     0,
     0,
     0,
     0,
     0,
     0,
     0,
     262,
     0,
     0,
     0,
     262,
     0,
     0,
     0,
     0,
     0,
     0,
     0,
     0,
     0,
     0,
     0,
     0,
     0,
     0,
     0,
     0,
     0,
     0,
     0,
     0,
     0,
     0,
     0,
     0,
     0,
     0,
     0,
     0,
     0,
     0,
     270,
     0,
     0,
     0,
     270,
     0,
     0,
     0,
     0,
     0,
     0,
     0,
     0,
     0,
     0,
     0,
     0,
     0,
     0,
     0,
     0,
     0,
     0,
     0,
     0,
     0,
     0,
     0,
     0,
     0,
     0,
     0,
     0,
     0,
     0,
     270,
     0,
     0,
     0,
     270,
     0,
     0,
     0,
     0,
     0,
     0,
     0,
     0,
     0,
     0,
     0,
     0,
     0,
     0,
     0,
     0,
     0,
     0,
     0,
     0,
     0,
     0,
     0,
     0,
     0,
     0,
     0,
     0,
     0,
     0,
     270,
     0,
     0,
     0,
     270,
     0,
     0,
     0,
     0,
     0,
     0,
     0,
     0,
     0,
     0,
     0,
     0,
     0,
     0,
     0,
     0,
     0,
     0,
     0,
     0,
     0,
     0,
     0,
     0,
     0,
     0,
     0,
     0,
     0,
     0,
     270,
     0,
     0,
     0,
     270,
     0,
     0,
     0,
     0,
     0,
     0,
     0,
     0,
     0,
     0,
     0,
     0,
     0,
     0,
     0,
     0,
     0,
     0,
     0,
     0,
     0,
     0,
     0,
     0,
     0,
     0,
     0,
     0,
     0,
     0,
     270,
     0,
     0,
     0,
     270,
     0,
     0,
     0,
     0,
     0,
     0,
     0,
     0,
     0,
     0,
     0,
     0,
     0,
     0,
     0,
     0,
     0,
     0,
     0,
     0,
     0,
     0,
     0,
     0,
     0,
     0,
     0,
     0,
     0,
     0,
     270,
     0,
     0,
     0,
     270,
     0,
     0,
     0,
     0,
     0,
     0,
     0,
     0,
     0,
     0,
     0,
     0,
     0,
     0,
     0,
     0,
     0,
     0,
     0,
     0,
     0,
     0,
     0,
     0,
     0,
     0,
     0,
     0,
     0,
     0,
     270,
     0,
     0,
     0,
     270,
     0,
     0,
     0,
     0,
     0,
     0,
     0,
     0,
     0,
     0,
     0,
     0,
     0,
     0,
     0,
     0,
     0,
     0,
     0,
     0,
     0,
     0,
     0,
     0,
     0,
     0,
     0,
     0,
     0,
     0,
     270,
     0,
     0,
     0,
     270,
     0,
     0,
     0,
     0,
     0,
     0,
     0,
     0,
     0,
     0,
     0,
     0,
     0,
     0,
     0,
     0,
     0,
     0,
     0,
     0,
     0,
     0,
     0,
     0,
     0,
     0,
     0,
     0,
     0,
     0,
     0,
     0,
     0,
     0,
     0,
     0,
     0,
     0,
     0,
     0,
     0,
     0,
     0,
     0,
     0,
     0,
     0,
     0,
     0,
     0,
     0,
     0,
     0,
     0,
     0,
     0,
     0,
     0,
     0,
     0,
     0,
     0,
     0,
     0,
     0,
     0,
     0,
     0,
     0,
     0,
     0,
     0,
     0,
     0,
     0,
     0,
     0,
     0,
     0,
     0,
     0,
     0,
     0,
     0,
     0,
     0,
     0,
     0,
     0,
     0,
     0,
     0,
     0,
     0,
     0,
     0,
     0,
     0,
     0,
     0,
     0,
     0,
     0,
     0,
     0,
     0,
     0,
     0,
     0,
     0,
     0,
     0,
     0,
     0,
     0,
     0,
     0,
     0,
     0,
     0,
     0,
     0,
     0,
     0,
     0,
     0,
     0,
     0,
     0,
     0,
     0,
     0,
     0,
     0,
     0,
     0,
     0,
     0,
     0,
     0,
     0,
     0,
     0,
     0,
     0,
     0,
     0,
     0,
     0,
     0,
     0,
     0,
     0,
     0,
     0,
     0,
     0,
     0,
     0,
     0,
     0,
     0,
     0,
     0,
     0,
     0,
     0,
     0,
     0,
     0,
     0,
     0,
     0,
     0,
     0,
     0,
     0,
     0,
     0,
     0,
     0,
     0,
     0,
     0,
     0,
     0,
     0,
     0,
     0,
     0,
     0,
     0,
     0,
     0,
     0,
     0,
     0,
     0,
     0,
     0,
     0,
     0,
     0,
     0,
     0,
     0,
     0,
     0,
     0,
     0,
     0,
     0,
     0,
     0,
     0,
     0,
     0,
     0,
     0,
     0,
     0,
     0,
     0,
     0,
     0,
     0,
     0,
     0,
     0,
     0,
     0,
     0,
     0,
     0,
     0,
     0,
     0,
     0,
     0,
     0,
     0,
     0,
     0,
     0,
     0,
     0,
     0,
     0,
     0,
     0,
     0,
     0,
     0,
     0,
     0,
     0,
     0,
     0,
     0,
     0,
     0,
     0,
     0,
     0,
     0,
     0,
     0,
     0,
     0,
     0,
     0,
     0,
     0,
     0,
     0,
     0,
     0,
     0,
     0,
     5,
     0,
     0,
     0,
     0,
     0,
     0,
     0,
     0,
     0,
     0,
     0,
     0,
     0,
     0,
     0,
     0,
     0,
     0,
     0,
     0,
     0,
     0,
     0,
     0,
     0,
     0,
     0,
     0,
     0,
     0,
     0,
     0,
     0,
     0,
     5,
     5,
     0,
     0,
     0,
     0,
     0,
     0,
     0,
     0,
     0,
     0,
     0,
     0,
     0,
     0,
     0,
     0,
     0,
     0,
     0,
     0,
     0,
     0,
     0,
     0,
     0,
     0,
     0,
     0,
     0,
     0,
     0,
     0,
     0,
     0,
     5,
     5,
     0,
     0,
     0,
     0,
     0,
     0,
     0,
     0,
     0,
     0,
     0,
     0,
     0,
     0,
     0,
     0,
     0,
     0,
     0,
     0,
     0,
     0,
     0,
     0,
     0,
     0,
     0,
     0,
     0,
     0,
     0,
     0,
     0,
     5,
     5,
     5,
     0,
     0,
     0,
     0,
     0,
     0,
     0,
     0,
     0,
     0,
     0,
     0,
     0,
     0,
     0,
     0,
     0,
     0,
     0,
     0,
     0,
     0,
     0,
     0,
     0,
     0,
     0,
     0,
     0,
     0,
     0,
     0,
     0,
     5,
     5,
     5,
     0,
     0,
     0,
     0,
     0,
     0,
     0,
     0,
     0,
     0,
     0,
     0,
     0,
     0,
     0,
     0,
     0,
     0,
     0,
     0,
     0,
     0,
     0,
     0,
     0,
     0,
     0,
     0,
     0,
     0,
     0,
     0,
     5,
     5,
     5,
     5,
     0,
     0,
     0,
     0,
     0,
     0,
     0,
     0,
     0,
     0,
     0,
     0,
     0,
     0,
     0,
     0,
     0,
     0,
     0,
     0,
     0,
     0,
     0,
     0,
     0,
     0,
     0,
     0,
     0,
     0,
     0,
     0,
     5,
     5,
     5,
     5,
     0,
     0,
     0,
     0,
     0,
     0,
     0,
     0,
     0,
     0,
     0,
     0,
     0,
     0,
     0,
     0,
     0,
     0,
     0,
     0,
     0,
     0,
     0,
     0,
     0,
     0,
     0,
     0,
     0,
     0,
     0,
     5,
     5,
     5,
     5,
     5,
     0,
     0,
     0,
     0,
     0,
     0,
     0,
     0,
     0,
     0,
     0,
     0,
     0,
     0,
     0,
     0,
     0,
     0,
     0,
     0,
     0,
     0,
     0,
     0,
     0,
     0,
     0,
     0,
     0,
     0,
     0,
     5,
     5,
     5,
     5,
     5,
     0,
     0,
     0,
     0,
     0,
     0,
     0,
     0,
     0,
     0,
     0,
     0,
     0,
     0,
     0,
     0,
     0,
     0,
     0,
     0,
     0,
     0,
     0,
     0,
     0,
     0,
     0,
     0,
     0,
     0,
     5,
     5,
     5,
     5,
     5,
     5,
     0,
     0,
     0,
     0,
     0,
     0,
     0,
     0,
     0,
     0,
     0,
     0,
     0,
     0,
     0,
     0,
     0,
     0,
     0,
     0,
     0,
     0,
     0,
     0,
     0,
     0,
     0,
     0,
     0,
     0,
     5,
     5,
     5,
     5,
     5,
     5,
     0,
     0,
     0,
     0,
     0,
     0,
     0,
     0,
     0,
     0,
     0,
     0,
     0,
     0,
     0,
     0,
     0,
     0,
     0,
     0,
     0,
     0,
     0,
     0,
     0,
     0,
     0,
     0,
     0,
     5,
     5,
     5,
     5,
     5,
     5,
     5,
     0,
     0,
     0,
     0,
     0,
     0,
     0,
     0,
     0,
     0,
     0,
     0,
     0,
     0,
     0,
     0,
     0,
     0,
     0,
     0,
     0,
     0,
     0,
     0,
     0,
     0,
     0,
     0,
     0,
     5,
     5,
     5,
     5,
     5,
     5,
     5,
     0,
     0,
     0,
     0,
     0,
     0,
     0,
     0,
     0,
     0,
     0,
     0,
     0,
     0,
     0,
     0,
     0,
     0,
     0,
     0,
     0,
     0,
     0,
     0,
     0,
     0,
     0,
     0,
     5,
     5,
     5,
     5,
     5,
     5,
     5,
     0,
     0,
     0,
     0,
     0,
     0,
     0,
     0,
     0,
     0,
     0,
     0,
     0,
     0,
     0,
     0,
     0,
     0,
     0,
     0,
     0,
     0,
     0,
     0,
     0,
     0,
     0,
     0,
     0,
     5,
     5,
     5,
     5,
     5,
     5,
     0,
     0,
     0,
     0,
     0,
     0,
     0,
     0,
     0,
     0,
     0,
     0,
     0,
     0,
     0,
     0,
     0,
     0,
     0,
     0,
     0,
     0,
     0,
     0,
     0,
     0,
     0,
     0,
     0,
     5,
     5,
     5,
     5,
     5,
     5,
     0,
     0,
     0,
     0,
     0,
     0,
     0,
     0,
     0,
     0,
     0,
     0,
     0,
     0,
     0,
     0,
     0,
     0,
     0,
     0,
     0,
     0,
     0,
     0,
     0,
     0,
     0,
     0,
     0,
     0,
     5,
     5,
     5,
     5,
     5,
     0,
     0,
     0,
     0,
     0,
     0,
     0,
     0,
     0,
     0,
     0,
     0,
     0,
     0,
     0,
     0,
     0,
     0,
     0,
     0,
     0,
     0,
     0,
     0,
     0,
     0,
     0,
     0,
     0,
     0,
     5,
     5,
     5,
     5,
     5,
     0,
     0,
     0,
     0,
     0,
     0,
     0,
     0,
     0,
     0,
     0,
     0,
     0,
     0,
     0,
     0,
     0,
     0,
     0,
     0,
     0,
     0,
     0,
     0,
     0,
     0,
     0,
     0,
     0,
     0,
     0,
     5,
     5,
     5,
     5,
     0,
     0,
     0,
     0,
     0,
     0,
     0,
     0,
     0,
     0,
     0,
     0,
     0,
     0,
     0,
     0,
     0,
     0,
     0,
     0,
     0,
     0,
     0,
     5,
     0,
     0,
     0,
     0,
     0,
     0,
     0,
     5,
     5,
     5,
     5,
     0,
     0,
     0,
     0,
     0,
     0,
     0,
     0,
     0,
     0,
     0,
     0,
     0,
     0,
     0,
     0,
     0,
     0,
     0,
     0,
     0,
     0,
     0,
     5,
     0,
     0,
     0,
     0,
     0,
     0,
     0,
     0,
     5,
     5,
     5,
     0,
     0,
     0,
     0,
     0,
     0,
     0,
     0,
     0,
     0,
     0,
     0,
     0,
     0,
     0,
     0,
     0,
     0,
     0,
     0,
     0,
     0,
     0,
     0,
     0,
     0,
     0,
     0,
     0,
     0,
     0,
     0,
     5,
     5,
     5,
     0,
     0,
     0,
     0,
     0,
     0,
     0,
     0,
     0,
     0,
     0,
     0,
     0,
     0,
     0,
     0,
     0,
     0,
     0,
     0,
     0,
     0,
     0,
     0,
     0,
     0,
     0,
     0,
     0,
     0,
     0,
     0,
     0,
     5,
     5,
     0,
     0,
     0,
     0,
     0,
     0,
     0,
     0,
     0,
     0,
     0,
     0,
     0,
     0,
     0,
     0,
     0,
     0,
     5,
     0,
     0,
     0,
     0,
     0,
     0,
     0,
     0,
     0,
     0,
     0,
     0,
     0,
     0,
     5,
     5,
     0,
     0,
     0,
     0,
     0,
     0,
     0,
     0,
     0,
     0,
     0,
     0,
     0,
     0,
     0,
     0,
     0,
     0,
     0,
     0,
     0,
     0,
     0,
     0,
     0,
     0,
     0,
     0,
     0,
     0,
     0,
     0,
     0,
     0,
     5,
     0,
     0,
     0,
     0,
     0,
     0,
     0,
     0,
     0,
     0,
     0,
     0,
     0,
     0,
     0,
     0,
     0,
     0,
     0,
     0,
     0,
     0,
     0,
     0,
     0,
     0,
     0,
     0,
     0,
     0,
     0,
     0,
     0,
     0,
     5,
     0,
     0,
     0,
     0,
     0,
     0,
     0,
     0,
     0,
     0,
     0,
     0,
     0,
     0,
     0,
     0,
     0,
     0,
     0,
     0,
     0,
     0,
     0,
     5,
     0,
     0,
     0,
     0,
     0,
     0,
     0,
     0,
     0,
     0,
     0,
     0,
     0,
     0,
     0,
     0,
     0,
     0,
     0,
     0,
     0,
     0,
     0,
     0,
     0,
     0,
     0,
     0,
     0,
     0,
     0,
     0,
     0,
     0,
     0,
     0,
     0,
     0,
     0,
     0,
     0,
     0,
     0,
     0,
     0,
     0,
     0,
     0,
     0,
     0,
     0,
     0,
     0,
     0,
     0,
     0,
     0,
     0,
     0,
     0,
     0,
     0,
     0,
     0,
     0,
     0,
     0,
     0,
     0,
     0,
     0,
     0,
     0,
     0,
     0,
     0,
     0,
     0,
     0,
     0,
     0,
     0,
     0,
     0,
     0,
     0,
     0,
     0,
     0,
     0,
     0,
     0,
     0,
     0,
     0,
     0,
     0,
     0,
     0,
     0,
     0,
     0,
     0,
     0,
     0,
     0,
     0,
     0,
     0,
     0,
     0,
     0,
     0,
     0,
     0,
     0,
     0,
     0,
     0,
     0,
     0,
     0,
     0,
     0,
     0,
     0,
     0,
     0,
     0,
     0,
     0,
     0,
     0,
     0,
     0,
     0,
     0,
     0,
     0,
     0,
     0,
     0,
     0,
     0,
     0,
     0,
     0,
     0,
     0,
     0,
     0,
     0,
     0,
     0,
     0,
     0,
     0,
     0,
     0,
     0,
     0,
     0,
     0,
     0,
     0,
     0,
     0,
     0,
     0,
     0,
     0,
     0,
     0,
     0,
     0,
     0,
     0,
     0,
     0,
     0,
     0,
     0,
     0,
     0,
     0,
     0,
     0,
     0,
     0,
     0,
     0,
     0,
     0,
     0,
     0,
     0,
     0,
     0,
     0,
     0,
     0,
     0,
     0,
     0,
     0,
     0,
     0,
     0,
     0,
     0,
     0,
     0,
     0,
     0,
     0,
     0,
     0,
     0,
     0,
     0,
     0,
     0,
     0,
     0,
     0,
     0,
     0,
     0,
     0,
     0,
     0,
     0,
     0,
     0,
     0,
     0,
     0,
     0,
     0,
     0,
     0,
     0,
     0,
     0,
     0,
     0,
     0,
     0,
     0,
     0,
     0,
     0,
     0,
     0,
     0,
     0,
     0,
     0,
     0,
     0,
     0,
     0,
     0,
     0,
     0,
     0,
     0,
     0,
     0,
     0,
     0,
     0,
     0,
     0,
     0,
     0,
     0,
     0,
     0,
     0,
     0,
     0,
     0,
     0,
     0,
     0,
     0,
     0,
     0,
     0,
     0,
     0,
     0,
     0],
   @dim=3,
   @x=35,
   @y=42,
   @z=4>,
 @disable_dashing=false,
 @display_name="",
 @encounter_list=[],
 @encounter_step=30,
 @events=
  {1=>
    #<RPG::Event:0x00000000053ce3d0
     @id=1,
     @name="EV001",
     @pages=
      [#<RPG::Event::Page:0x00000000053ce240
        @condition=
         #<RPG::Event::Page::Condition:0x00000000053ce1c8
          @actor_id=1,
          @actor_valid=false,
          @item_id=1,
          @item_valid=false,
          @self_switch_ch="A",
          @self_switch_valid=false,
          @switch1_id=1,
          @switch1_valid=false,
          @switch2_id=1,
          @switch2_valid=false,
          @variable_id=1,
          @variable_valid=false,
          @variable_value=0>,
        @direction_fix=false,
        @graphic=
         #<RPG::Event::Page::Graphic:0x00000000053cdac0
          @character_index=0,
          @character_name="",
          @direction=2,
          @pattern=0,
          @tile_id=262>,
        @list=
         [#<RPG::EventCommand:0x00000000053ccfa8
           @code=0,
           @indent=0,
           @parameters=[]>],
        @move_frequency=3,
        @move_route=
         #<RPG::MoveRoute:0x00000000053cd660
          @list=
           [#<RPG::MoveCommand:0x00000000053cd458 @code=0, @parameters=[]>],
          @repeat=true,
          @skippable=false,
          @wait=false>,
        @move_speed=3,
        @move_type=0,
        @priority_type=2,
        @step_anime=false,
        @through=false,
        @trigger=0,
        @walk_anime=true>],
     @x=15,
     @y=34>,
   2=>
    #<RPG::Event:0x00000000053ccee0
     @id=2,
     @name="EV002",
     @pages=
      [#<RPG::Event::Page:0x00000000053cce68
        @condition=
         #<RPG::Event::Page::Condition:0x00000000053cce40
          @actor_id=1,
          @actor_valid=false,
          @item_id=1,
          @item_valid=false,
          @self_switch_ch="A",
          @self_switch_valid=false,
          @switch1_id=1,
          @switch1_valid=false,
          @switch2_id=1,
          @switch2_valid=false,
          @variable_id=1,
          @variable_valid=false,
          @variable_value=0>,
        @direction_fix=false,
        @graphic=
         #<RPG::Event::Page::Graphic:0x00000000053ccdf0
          @character_index=0,
          @character_name="",
          @direction=2,
          @pattern=0,
          @tile_id=262>,
        @list=
         [#<RPG::EventCommand:0x00000000053cccd8
           @code=0,
           @indent=0,
           @parameters=[]>],
        @move_frequency=3,
        @move_route=
         #<RPG::MoveRoute:0x00000000053ccda0
          @list=
           [#<RPG::MoveCommand:0x00000000053ccd50 @code=0, @parameters=[]>],
          @repeat=true,
          @skippable=false,
          @wait=false>,
        @move_speed=3,
        @move_type=0,
        @priority_type=2,
        @step_anime=false,
        @through=false,
        @trigger=0,
        @walk_anime=true>],
     @x=15,
     @y=35>,
   3=>
    #<RPG::Event:0x00000000053ccc88
     @id=3,
     @name="EV003",
     @pages=
      [#<RPG::Event::Page:0x00000000053ccc10
        @condition=
         #<RPG::Event::Page::Condition:0x00000000053ccbe8
          @actor_id=1,
          @actor_valid=false,
          @item_id=1,
          @item_valid=false,
          @self_switch_ch="A",
          @self_switch_valid=false,
          @switch1_id=1,
          @switch1_valid=false,
          @switch2_id=1,
          @switch2_valid=false,
          @variable_id=1,
          @variable_valid=false,
          @variable_value=0>,
        @direction_fix=false,
        @graphic=
         #<RPG::Event::Page::Graphic:0x00000000053ccb98
          @character_index=0,
          @character_name="",
          @direction=2,
          @pattern=0,
          @tile_id=262>,
        @list=
         [#<RPG::EventCommand:0x00000000053cca80
           @code=0,
           @indent=0,
           @parameters=[]>],
        @move_frequency=3,
        @move_route=
         #<RPG::MoveRoute:0x00000000053ccb48
          @list=
           [#<RPG::MoveCommand:0x00000000053ccaf8 @code=0, @parameters=[]>],
          @repeat=true,
          @skippable=false,
          @wait=false>,
        @move_speed=3,
        @move_type=0,
        @priority_type=2,
        @step_anime=false,
        @through=false,
        @trigger=0,
        @walk_anime=true>],
     @x=15,
     @y=36>,
   4=>
    #<RPG::Event:0x00000000053cca30
     @id=4,
     @name="EV004",
     @pages=
      [#<RPG::Event::Page:0x00000000053cc9b8
        @condition=
         #<RPG::Event::Page::Condition:0x00000000053cc990
          @actor_id=1,
          @actor_valid=false,
          @item_id=1,
          @item_valid=false,
          @self_switch_ch="A",
          @self_switch_valid=false,
          @switch1_id=1,
          @switch1_valid=false,
          @switch2_id=1,
          @switch2_valid=false,
          @variable_id=1,
          @variable_valid=false,
          @variable_value=0>,
        @direction_fix=false,
        @graphic=
         #<RPG::Event::Page::Graphic:0x00000000053cc940
          @character_index=0,
          @character_name="",
          @direction=2,
          @pattern=0,
          @tile_id=262>,
        @list=
         [#<RPG::EventCommand:0x00000000053cc828
           @code=0,
           @indent=0,
           @parameters=[]>],
        @move_frequency=3,
        @move_route=
         #<RPG::MoveRoute:0x00000000053cc8f0
          @list=
           [#<RPG::MoveCommand:0x00000000053cc8a0 @code=0, @parameters=[]>],
          @repeat=true,
          @skippable=false,
          @wait=false>,
        @move_speed=3,
        @move_type=0,
        @priority_type=2,
        @step_anime=false,
        @through=false,
        @trigger=0,
        @walk_anime=true>],
     @x=15,
     @y=37>,
   5=>
    #<RPG::Event:0x00000000053cc7d8
     @id=5,
     @name="EV005",
     @pages=
      [#<RPG::Event::Page:0x00000000053cc760
        @condition=
         #<RPG::Event::Page::Condition:0x00000000053cc738
          @actor_id=1,
          @actor_valid=false,
          @item_id=1,
          @item_valid=false,
          @self_switch_ch="A",
          @self_switch_valid=false,
          @switch1_id=1,
          @switch1_valid=false,
          @switch2_id=1,
          @switch2_valid=false,
          @variable_id=1,
          @variable_valid=false,
          @variable_value=0>,
        @direction_fix=false,
        @graphic=
         #<RPG::Event::Page::Graphic:0x00000000053cc6e8
          @character_index=0,
          @character_name="",
          @direction=2,
          @pattern=0,
          @tile_id=262>,
        @list=
         [#<RPG::EventCommand:0x00000000053cc5d0
           @code=0,
           @indent=0,
           @parameters=[]>],
        @move_frequency=3,
        @move_route=
         #<RPG::MoveRoute:0x00000000053cc698
          @list=
           [#<RPG::MoveCommand:0x00000000053cc648 @code=0, @parameters=[]>],
          @repeat=true,
          @skippable=false,
          @wait=false>,
        @move_speed=3,
        @move_type=0,
        @priority_type=2,
        @step_anime=false,
        @through=false,
        @trigger=0,
        @walk_anime=true>],
     @x=15,
     @y=38>,
   6=>
    #<RPG::Event:0x00000000053cc580
     @id=6,
     @name="EV006",
     @pages=
      [#<RPG::Event::Page:0x00000000053cc508
        @condition=
         #<RPG::Event::Page::Condition:0x00000000053cc4e0
          @actor_id=1,
          @actor_valid=false,
          @item_id=1,
          @item_valid=false,
          @self_switch_ch="A",
          @self_switch_valid=false,
          @switch1_id=1,
          @switch1_valid=false,
          @switch2_id=1,
          @switch2_valid=false,
          @variable_id=1,
          @variable_valid=false,
          @variable_value=0>,
        @direction_fix=false,
        @graphic=
         #<RPG::Event::Page::Graphic:0x00000000053cc490
          @character_index=0,
          @character_name="",
          @direction=2,
          @pattern=0,
          @tile_id=262>,
        @list=
         [#<RPG::EventCommand:0x00000000053cc378
           @code=0,
           @indent=0,
           @parameters=[]>],
        @move_frequency=3,
        @move_route=
         #<RPG::MoveRoute:0x00000000053cc440
          @list=
           [#<RPG::MoveCommand:0x00000000053cc3f0 @code=0, @parameters=[]>],
          @repeat=true,
          @skippable=false,
          @wait=false>,
        @move_speed=3,
        @move_type=0,
        @priority_type=2,
        @step_anime=false,
        @through=false,
        @trigger=0,
        @walk_anime=true>],
     @x=15,
     @y=39>,
   7=>
    #<RPG::Event:0x00000000053cc328
     @id=7,
     @name="EV007",
     @pages=
      [#<RPG::Event::Page:0x00000000053cc2b0
        @condition=
         #<RPG::Event::Page::Condition:0x00000000053cc288
          @actor_id=1,
          @actor_valid=false,
          @item_id=1,
          @item_valid=false,
          @self_switch_ch="A",
          @self_switch_valid=false,
          @switch1_id=1,
          @switch1_valid=false,
          @switch2_id=1,
          @switch2_valid=false,
          @variable_id=1,
          @variable_valid=false,
          @variable_value=0>,
        @direction_fix=false,
        @graphic=
         #<RPG::Event::Page::Graphic:0x00000000053cc238
          @character_index=0,
          @character_name="",
          @direction=2,
          @pattern=0,
          @tile_id=262>,
        @list=
         [#<RPG::EventCommand:0x00000000053cc120
           @code=0,
           @indent=0,
           @parameters=[]>],
        @move_frequency=3,
        @move_route=
         #<RPG::MoveRoute:0x00000000053cc1e8
          @list=
           [#<RPG::MoveCommand:0x00000000053cc198 @code=0, @parameters=[]>],
          @repeat=true,
          @skippable=false,
          @wait=false>,
        @move_speed=3,
        @move_type=0,
        @priority_type=2,
        @step_anime=false,
        @through=false,
        @trigger=0,
        @walk_anime=true>],
     @x=15,
     @y=40>,
   8=>
    #<RPG::Event:0x00000000053cc0d0
     @id=8,
     @name="EV008",
     @pages=
      [#<RPG::Event::Page:0x00000000053cc058
        @condition=
         #<RPG::Event::Page::Condition:0x00000000053cc030
          @actor_id=1,
          @actor_valid=false,
          @item_id=1,
          @item_valid=false,
          @self_switch_ch="A",
          @self_switch_valid=false,
          @switch1_id=1,
          @switch1_valid=false,
          @switch2_id=1,
          @switch2_valid=false,
          @variable_id=1,
          @variable_valid=false,
          @variable_value=0>,
        @direction_fix=false,
        @graphic=
         #<RPG::Event::Page::Graphic:0x00000000053f7fa0
          @character_index=0,
          @character_name="",
          @direction=2,
          @pattern=0,
          @tile_id=262>,
        @list=
         [#<RPG::EventCommand:0x00000000053f7e88
           @code=0,
           @indent=0,
           @parameters=[]>],
        @move_frequency=3,
        @move_route=
         #<RPG::MoveRoute:0x00000000053f7f50
          @list=
           [#<RPG::MoveCommand:0x00000000053f7f00 @code=0, @parameters=[]>],
          @repeat=true,
          @skippable=false,
          @wait=false>,
        @move_speed=3,
        @move_type=0,
        @priority_type=2,
        @step_anime=false,
        @through=false,
        @trigger=0,
        @walk_anime=true>],
     @x=19,
     @y=34>,
   9=>
    #<RPG::Event:0x00000000053f7e38
     @id=9,
     @name="EV009",
     @pages=
      [#<RPG::Event::Page:0x00000000053f7dc0
        @condition=
         #<RPG::Event::Page::Condition:0x00000000053f7d98
          @actor_id=1,
          @actor_valid=false,
          @item_id=1,
          @item_valid=false,
          @self_switch_ch="A",
          @self_switch_valid=false,
          @switch1_id=1,
          @switch1_valid=false,
          @switch2_id=1,
          @switch2_valid=false,
          @variable_id=1,
          @variable_valid=false,
          @variable_value=0>,
        @direction_fix=false,
        @graphic=
         #<RPG::Event::Page::Graphic:0x00000000053f7d48
          @character_index=0,
          @character_name="",
          @direction=2,
          @pattern=0,
          @tile_id=262>,
        @list=
         [#<RPG::EventCommand:0x00000000053f7c30
           @code=0,
           @indent=0,
           @parameters=[]>],
        @move_frequency=3,
        @move_route=
         #<RPG::MoveRoute:0x00000000053f7cf8
          @list=
           [#<RPG::MoveCommand:0x00000000053f7ca8 @code=0, @parameters=[]>],
          @repeat=true,
          @skippable=false,
          @wait=false>,
        @move_speed=3,
        @move_type=0,
        @priority_type=2,
        @step_anime=false,
        @through=false,
        @trigger=0,
        @walk_anime=true>],
     @x=19,
     @y=35>,
   10=>
    #<RPG::Event:0x00000000053f7be0
     @id=10,
     @name="EV010",
     @pages=
      [#<RPG::Event::Page:0x00000000053f7b68
        @condition=
         #<RPG::Event::Page::Condition:0x00000000053f7b40
          @actor_id=1,
          @actor_valid=false,
          @item_id=1,
          @item_valid=false,
          @self_switch_ch="A",
          @self_switch_valid=false,
          @switch1_id=1,
          @switch1_valid=false,
          @switch2_id=1,
          @switch2_valid=false,
          @variable_id=1,
          @variable_valid=false,
          @variable_value=0>,
        @direction_fix=false,
        @graphic=
         #<RPG::Event::Page::Graphic:0x00000000053f7af0
          @character_index=0,
          @character_name="",
          @direction=2,
          @pattern=0,
          @tile_id=262>,
        @list=
         [#<RPG::EventCommand:0x00000000053f79d8
           @code=0,
           @indent=0,
           @parameters=[]>],
        @move_frequency=3,
        @move_route=
         #<RPG::MoveRoute:0x00000000053f7aa0
          @list=
           [#<RPG::MoveCommand:0x00000000053f7a50 @code=0, @parameters=[]>],
          @repeat=true,
          @skippable=false,
          @wait=false>,
        @move_speed=3,
        @move_type=0,
        @priority_type=2,
        @step_anime=false,
        @through=false,
        @trigger=0,
        @walk_anime=true>],
     @x=19,
     @y=36>,
   11=>
    #<RPG::Event:0x00000000053f7988
     @id=11,
     @name="EV011",
     @pages=
      [#<RPG::Event::Page:0x00000000053f7910
        @condition=
         #<RPG::Event::Page::Condition:0x00000000053f78e8
          @actor_id=1,
          @actor_valid=false,
          @item_id=1,
          @item_valid=false,
          @self_switch_ch="A",
          @self_switch_valid=false,
          @switch1_id=1,
          @switch1_valid=false,
          @switch2_id=1,
          @switch2_valid=false,
          @variable_id=1,
          @variable_valid=false,
          @variable_value=0>,
        @direction_fix=false,
        @graphic=
         #<RPG::Event::Page::Graphic:0x00000000053f7898
          @character_index=0,
          @character_name="",
          @direction=2,
          @pattern=0,
          @tile_id=262>,
        @list=
         [#<RPG::EventCommand:0x00000000053f7780
           @code=0,
           @indent=0,
           @parameters=[]>],
        @move_frequency=3,
        @move_route=
         #<RPG::MoveRoute:0x00000000053f7848
          @list=
           [#<RPG::MoveCommand:0x00000000053f77f8 @code=0, @parameters=[]>],
          @repeat=true,
          @skippable=false,
          @wait=false>,
        @move_speed=3,
        @move_type=0,
        @priority_type=2,
        @step_anime=false,
        @through=false,
        @trigger=0,
        @walk_anime=true>],
     @x=19,
     @y=37>,
   12=>
    #<RPG::Event:0x00000000053f7730
     @id=12,
     @name="EV012",
     @pages=
      [#<RPG::Event::Page:0x00000000053f76b8
        @condition=
         #<RPG::Event::Page::Condition:0x00000000053f7690
          @actor_id=1,
          @actor_valid=false,
          @item_id=1,
          @item_valid=false,
          @self_switch_ch="A",
          @self_switch_valid=false,
          @switch1_id=1,
          @switch1_valid=false,
          @switch2_id=1,
          @switch2_valid=false,
          @variable_id=1,
          @variable_valid=false,
          @variable_value=0>,
        @direction_fix=false,
        @graphic=
         #<RPG::Event::Page::Graphic:0x00000000053f7640
          @character_index=0,
          @character_name="",
          @direction=2,
          @pattern=0,
          @tile_id=262>,
        @list=
         [#<RPG::EventCommand:0x00000000053f7528
           @code=0,
           @indent=0,
           @parameters=[]>],
        @move_frequency=3,
        @move_route=
         #<RPG::MoveRoute:0x00000000053f75f0
          @list=
           [#<RPG::MoveCommand:0x00000000053f75a0 @code=0, @parameters=[]>],
          @repeat=true,
          @skippable=false,
          @wait=false>,
        @move_speed=3,
        @move_type=0,
        @priority_type=2,
        @step_anime=false,
        @through=false,
        @trigger=0,
        @walk_anime=true>],
     @x=19,
     @y=38>,
   13=>
    #<RPG::Event:0x00000000053f74d8
     @id=13,
     @name="EV013",
     @pages=
      [#<RPG::Event::Page:0x00000000053f7460
        @condition=
         #<RPG::Event::Page::Condition:0x00000000053f7438
          @actor_id=1,
          @actor_valid=false,
          @item_id=1,
          @item_valid=false,
          @self_switch_ch="A",
          @self_switch_valid=false,
          @switch1_id=1,
          @switch1_valid=false,
          @switch2_id=1,
          @switch2_valid=false,
          @variable_id=1,
          @variable_valid=false,
          @variable_value=0>,
        @direction_fix=false,
        @graphic=
         #<RPG::Event::Page::Graphic:0x00000000053f73e8
          @character_index=0,
          @character_name="",
          @direction=2,
          @pattern=0,
          @tile_id=262>,
        @list=
         [#<RPG::EventCommand:0x00000000053f72d0
           @code=0,
           @indent=0,
           @parameters=[]>],
        @move_frequency=3,
        @move_route=
         #<RPG::MoveRoute:0x00000000053f7398
          @list=
           [#<RPG::MoveCommand:0x00000000053f7348 @code=0, @parameters=[]>],
          @repeat=true,
          @skippable=false,
          @wait=false>,
        @move_speed=3,
        @move_type=0,
        @priority_type=2,
        @step_anime=false,
        @through=false,
        @trigger=0,
        @walk_anime=true>],
     @x=19,
     @y=39>,
   14=>
    #<RPG::Event:0x00000000053f7280
     @id=14,
     @name="EV014",
     @pages=
      [#<RPG::Event::Page:0x00000000053f7208
        @condition=
         #<RPG::Event::Page::Condition:0x00000000053f71e0
          @actor_id=1,
          @actor_valid=false,
          @item_id=1,
          @item_valid=false,
          @self_switch_ch="A",
          @self_switch_valid=false,
          @switch1_id=1,
          @switch1_valid=false,
          @switch2_id=1,
          @switch2_valid=false,
          @variable_id=1,
          @variable_valid=false,
          @variable_value=0>,
        @direction_fix=false,
        @graphic=
         #<RPG::Event::Page::Graphic:0x00000000053f7190
          @character_index=0,
          @character_name="",
          @direction=2,
          @pattern=0,
          @tile_id=262>,
        @list=
         [#<RPG::EventCommand:0x00000000053f7078
           @code=0,
           @indent=0,
           @parameters=[]>],
        @move_frequency=3,
        @move_route=
         #<RPG::MoveRoute:0x00000000053f7140
          @list=
           [#<RPG::MoveCommand:0x00000000053f70f0 @code=0, @parameters=[]>],
          @repeat=true,
          @skippable=false,
          @wait=false>,
        @move_speed=3,
        @move_type=0,
        @priority_type=2,
        @step_anime=false,
        @through=false,
        @trigger=0,
        @walk_anime=true>],
     @x=19,
     @y=40>,
   15=>
    #<RPG::Event:0x00000000053f7028
     @id=15,
     @name="EV015",
     @pages=
      [#<RPG::Event::Page:0x00000000053f6fb0
        @condition=
         #<RPG::Event::Page::Condition:0x00000000053f6f88
          @actor_id=1,
          @actor_valid=false,
          @item_id=1,
          @item_valid=false,
          @self_switch_ch="A",
          @self_switch_valid=false,
          @switch1_id=1,
          @switch1_valid=false,
          @switch2_id=1,
          @switch2_valid=false,
          @variable_id=1,
          @variable_valid=false,
          @variable_value=0>,
        @direction_fix=true,
        @graphic=
         #<RPG::Event::Page::Graphic:0x00000000053f6f38
          @character_index=5,
          @character_name="!Chest",
          @direction=2,
          @pattern=0,
          @tile_id=0>,
        @list=
         [#<RPG::EventCommand:0x00000000053f6e20
           @code=250,
           @indent=0,
           @parameters=
            [#<RPG::SE:0x00000000053f6da8
              @name="Chest",
              @pitch=100,
              @volume=80>]>,
          #<RPG::EventCommand:0x00000000053f6d58
           @code=205,
           @indent=0,
           @parameters=
            [0,
             #<RPG::MoveRoute:0x00000000053f6d08
              @list=
               [#<RPG::MoveCommand:0x00000000053f6cb8
                 @code=36,
                 @parameters=[]>,
                #<RPG::MoveCommand:0x00000000053f6c68
                 @code=17,
                 @parameters=[]>,
                #<RPG::MoveCommand:0x00000000053f6c18
                 @code=15,
                 @parameters=[3]>,
                #<RPG::MoveCommand:0x00000000053f6bc8
                 @code=18,
                 @parameters=[]>,
                #<RPG::MoveCommand:0x00000000053f6b78
                 @code=15,
                 @parameters=[3]>,
                #<RPG::MoveCommand:0x00000000053f6b28
                 @code=0,
                 @parameters=[]>],
              @repeat=false,
              @skippable=false,
              @wait=true>]>,
          #<RPG::EventCommand:0x00000000053f6ad8
           @code=505,
           @indent=0,
           @parameters=
            [#<RPG::MoveCommand:0x00000000053f6cb8 @code=36, @parameters=[]>]>,
          #<RPG::EventCommand:0x00000000053f6a88
           @code=505,
           @indent=0,
           @parameters=
            [#<RPG::MoveCommand:0x00000000053f6c68 @code=17, @parameters=[]>]>,
          #<RPG::EventCommand:0x00000000053f6a38
           @code=505,
           @indent=0,
           @parameters=
            [#<RPG::MoveCommand:0x00000000053f6c18
              @code=15,
              @parameters=[3]>]>,
          #<RPG::EventCommand:0x00000000053f69e8
           @code=505,
           @indent=0,
           @parameters=
            [#<RPG::MoveCommand:0x00000000053f6bc8 @code=18, @parameters=[]>]>,
          #<RPG::EventCommand:0x00000000053f6998
           @code=505,
           @indent=0,
           @parameters=
            [#<RPG::MoveCommand:0x00000000053f6b78
              @code=15,
              @parameters=[3]>]>,
          #<RPG::EventCommand:0x00000000053f6948
           @code=123,
           @indent=0,
           @parameters=["A", 0]>,
          #<RPG::EventCommand:0x00000000053f68d0
           @code=127,
           @indent=0,
           @parameters=[6, 0, 0, 1]>,
          #<RPG::EventCommand:0x00000000053f6880
           @code=101,
           @indent=0,
           @parameters=["", 0, 0, 2]>,
          #<RPG::EventCommand:0x00000000053f6808
           @code=401,
           @indent=0,
           @parameters=["Python Bow was found!"]>,
          #<RPG::EventCommand:0x00000000053f6790
           @code=135,
           @indent=0,
           @parameters=[1]>,
          #<RPG::EventCommand:0x00000000053f6740
           @code=121,
           @indent=0,
           @parameters=[34, 34, 0]>,
          #<RPG::EventCommand:0x00000000053f66f0
           @code=134,
           @indent=0,
           @parameters=[1]>,
          #<RPG::EventCommand:0x00000000053f66a0
           @code=201,
           @indent=0,
           @parameters=[0, 5, 8, 46, 2, 0]>,
          #<RPG::EventCommand:0x00000000053f6650
           @code=0,
           @indent=0,
           @parameters=[]>],
        @move_frequency=3,
        @move_route=
         #<RPG::MoveRoute:0x00000000053f6ee8
          @list=
           [#<RPG::MoveCommand:0x00000000053f6e98 @code=0, @parameters=[]>],
          @repeat=true,
          @skippable=false,
          @wait=false>,
        @move_speed=3,
        @move_type=0,
        @priority_type=1,
        @step_anime=false,
        @through=false,
        @trigger=0,
        @walk_anime=false>,
       #<RPG::Event::Page:0x00000000053f6600
        @condition=
         #<RPG::Event::Page::Condition:0x00000000053f65d8
          @actor_id=1,
          @actor_valid=false,
          @item_id=1,
          @item_valid=false,
          @self_switch_ch="A",
          @self_switch_valid=true,
          @switch1_id=1,
          @switch1_valid=false,
          @switch2_id=1,
          @switch2_valid=false,
          @variable_id=1,
          @variable_valid=false,
          @variable_value=0>,
        @direction_fix=true,
        @graphic=
         #<RPG::Event::Page::Graphic:0x00000000053f6588
          @character_index=5,
          @character_name="!Chest",
          @direction=8,
          @pattern=0,
          @tile_id=0>,
        @list=
         [#<RPG::EventCommand:0x00000000053f6470
           @code=0,
           @indent=0,
           @parameters=[]>],
        @move_frequency=3,
        @move_route=
         #<RPG::MoveRoute:0x00000000053f6538
          @list=
           [#<RPG::MoveCommand:0x00000000053f64e8 @code=0, @parameters=[]>],
          @repeat=true,
          @skippable=false,
          @wait=false>,
        @move_speed=3,
        @move_type=0,
        @priority_type=1,
        @step_anime=false,
        @through=false,
        @trigger=0,
        @walk_anime=false>],
     @x=17,
     @y=30>},
 @height=42,
 @note="",
 @parallax_loop_x=false,
 @parallax_loop_y=false,
 @parallax_name="",
 @parallax_show=false,
 @parallax_sx=0,
 @parallax_sy=0,
 @scroll_type=0,
 @specify_battleback=true,
 @tileset_id=2,
 @width=35>
