#<RPG::Map:0x000000000547b490
 @autoplay_bgm=true,
 @autoplay_bgs=false,
 @battleback1_name="Stone3",
 @battleback2_name="Stone5",
 @bgm=
  #<RPG::BGM:0x0000000005479780
   @name="07. For the Better Future!",
   @pitch=100,
   @volume=100>,
 @bgs=#<RPG::BGS:0x0000000005479460 @name="", @pitch=100, @volume=80>,
 @data=
  #<Table:0x0000000005479550
   @data=
    [1536,
     1536,
     1536,
     1536,
     1536,
     1536,
     1536,
     1536,
     1536,
     1536,
     1536,
     1536,
     1536,
     1536,
     1536,
     1536,
     1536,
     1536,
     1536,
     1536,
     1536,
     1536,
     1536,
     1536,
     1536,
     1536,
     1536,
     1536,
     1536,
     1536,
     1536,
     1536,
     1536,
     1536,
     1536,
     1536,
     1536,
     1536,
     1536,
     1536,
     1536,
     1536,
     1536,
     1536,
     1536,
     1536,
     1536,
     1536,
     1536,
     1536,
     1536,
     1536,
     1536,
     1536,
     1536,
     1536,
     1536,
     1536,
     1536,
     1536,
     1536,
     1536,
     1536,
     1536,
     1536,
     1536,
     1536,
     1536,
     1536,
     1536,
     1536,
     1536,
     1536,
     1536,
     1536,
     1536,
     1536,
     1536,
     1536,
     1536,
     1536,
     1536,
     1536,
     1536,
     1536,
     1536,
     1536,
     1536,
     1536,
     1536,
     1536,
     1536,
     1536,
     1536,
     1536,
     1536,
     1536,
     1536,
     1536,
     1536,
     1536,
     1536,
     1536,
     1536,
     6787,
     6797,
     1536,
     1536,
     1536,
     1536,
     6795,
     6785,
     6785,
     6785,
     6785,
     6775,
     6785,
     6785,
     6785,
     6785,
     6785,
     6785,
     6785,
     6785,
     6785,
     6785,
     6785,
     6775,
     6785,
     6785,
     6785,
     6785,
     6797,
     1536,
     1536,
     1536,
     1536,
     1536,
     6795,
     6775,
     6785,
     6785,
     6785,
     6797,
     1536,
     1536,
     1536,
     6795,
     6785,
     6785,
     6789,
     1536,
     1536,
     1536,
     1536,
     6784,
     7142,
     1536,
     1536,
     1536,
     6795,
     7138,
     7138,
     7138,
     7138,
     7138,
     6784,
     7138,
     7138,
     7138,
     7138,
     7138,
     7138,
     7138,
     7138,
     7138,
     7138,
     7138,
     6784,
     7138,
     7138,
     7138,
     7138,
     7142,
     1536,
     1536,
     1536,
     1536,
     1536,
     7139,
     6784,
     7138,
     7138,
     7138,
     7138,
     6785,
     6797,
     1536,
     7139,
     7138,
     7138,
     6784,
     1536,
     1536,
     1536,
     1536,
     6784,
     7148,
     1641,
     1641,
     1641,
     7145,
     7144,
     7144,
     7144,
     7144,
     7144,
     6784,
     7144,
     7144,
     7144,
     7144,
     7144,
     7144,
     7144,
     7144,
     7144,
     7144,
     7144,
     6784,
     7144,
     7144,
     7144,
     7144,
     7148,
     1585,
     1585,
     1585,
     1585,
     1585,
     7145,
     6784,
     7144,
     7144,
     7144,
     7144,
     7144,
     7148,
     1641,
     7145,
     7144,
     7144,
     6784,
     1536,
     1536,
     1536,
     1536,
     6784,
     1585,
     1585,
     1585,
     1585,
     1641,
     1585,
     1585,
     1585,
     1585,
     1585,
     6784,
     1585,
     1585,
     1585,
     1641,
     1585,
     1585,
     1585,
     1585,
     1585,
     1641,
     1585,
     6784,
     1585,
     1585,
     1641,
     1585,
     1585,
     1585,
     1585,
     1585,
     1585,
     1585,
     1585,
     6784,
     1585,
     1585,
     1585,
     1641,
     1585,
     1585,
     1585,
     1641,
     1585,
     1585,
     6784,
     1536,
     1536,
     1536,
     1536,
     6784,
     1585,
     1641,
     1585,
     1585,
     1585,
     1585,
     1585,
     1585,
     1585,
     1585,
     6784,
     1585,
     1585,
     1585,
     1585,
     1585,
     1641,
     1585,
     1585,
     1641,
     1585,
     1585,
     6784,
     1585,
     1585,
     1585,
     1585,
     1585,
     1641,
     1585,
     1585,
     1585,
     1585,
     1585,
     6784,
     1585,
     1585,
     1585,
     1585,
     2754,
     2740,
     2740,
     2740,
     2756,
     1585,
     6784,
     1536,
     1536,
     1536,
     1536,
     6784,
     1585,
     1585,
     1585,
     2754,
     2740,
     2740,
     2740,
     2756,
     1585,
     1585,
     6784,
     1585,
     1585,
     1585,
     1585,
     1585,
     1585,
     1585,
     1585,
     1585,
     1585,
     1585,
     6784,
     1585,
     1585,
     1641,
     1585,
     1585,
     1585,
     1585,
     1585,
     1641,
     1585,
     1585,
     6784,
     1585,
     1585,
     1585,
     2754,
     2721,
     2720,
     2720,
     2720,
     2744,
     1585,
     6784,
     1536,
     1536,
     1536,
     1536,
     6784,
     1585,
     1585,
     2754,
     2721,
     2720,
     2720,
     2720,
     2722,
     2756,
     1641,
     6784,
     1585,
     1585,
     1585,
     1585,
     1585,
     1585,
     1585,
     6795,
     6785,
     6785,
     6785,
     6783,
     6785,
     6785,
     6785,
     6785,
     6785,
     6785,
     6785,
     6789,
     1585,
     1585,
     1585,
     6784,
     1585,
     1641,
     1585,
     2736,
     2720,
     2720,
     2720,
     2720,
     2744,
     1585,
     6784,
     1536,
     1536,
     1536,
     1536,
     6784,
     1585,
     2754,
     2721,
     2720,
     2720,
     2720,
     2720,
     2724,
     2758,
     1585,
     6784,
     1585,
     1585,
     1585,
     1585,
     1585,
     1585,
     1585,
     7139,
     7138,
     7138,
     7138,
     7138,
     7138,
     7138,
     7138,
     7138,
     7138,
     7138,
     7138,
     6784,
     1585,
     1641,
     1585,
     6784,
     1585,
     1585,
     2754,
     2721,
     2720,
     2720,
     2720,
     2724,
     2758,
     1585,
     6784,
     1536,
     1536,
     1536,
     1536,
     6784,
     1585,
     2760,
     2748,
     2728,
     2720,
     2720,
     2724,
     2758,
     1585,
     1585,
     6784,
     1641,
     1585,
     1585,
     1585,
     1585,
     1585,
     1585,
     7145,
     7144,
     7144,
     7144,
     7144,
     7144,
     7144,
     7144,
     7144,
     7144,
     7144,
     7144,
     6796,
     1585,
     1585,
     1585,
     6784,
     1585,
     1585,
     2736,
     2720,
     2724,
     2748,
     2748,
     2758,
     1585,
     1641,
     6784,
     1536,
     1536,
     1536,
     1536,
     6784,
     1585,
     1585,
     1585,
     2760,
     2748,
     2748,
     2758,
     1641,
     1585,
     1585,
     6784,
     1585,
     1641,
     1585,
     1585,
     1585,
     1585,
     1585,
     1585,
     1585,
     1585,
     1641,
     1585,
     1585,
     1585,
     1585,
     1585,
     1585,
     1585,
     1585,
     7151,
     1585,
     1641,
     1585,
     6784,
     1585,
     1585,
     2760,
     2748,
     2758,
     1585,
     1641,
     1585,
     1585,
     1585,
     6784,
     1536,
     1536,
     1536,
     1536,
     6784,
     1585,
     1641,
     1585,
     1585,
     1641,
     1585,
     1585,
     1585,
     1585,
     1585,
     6784,
     1585,
     1585,
     1585,
     1585,
     1585,
     1641,
     1585,
     1641,
     1585,
     1585,
     1585,
     1585,
     1641,
     1585,
     1585,
     1641,
     1585,
     1585,
     1641,
     6794,
     1585,
     1585,
     1641,
     6784,
     1585,
     1641,
     1585,
     1585,
     1585,
     1585,
     1585,
     1585,
     1585,
     1585,
     6784,
     1536,
     1536,
     1536,
     1536,
     6771,
     6797,
     1585,
     1585,
     1641,
     6795,
     6785,
     6785,
     6785,
     6785,
     6785,
     6767,
     6797,
     1585,
     1585,
     1585,
     1585,
     1585,
     1585,
     1585,
     1585,
     1585,
     1585,
     1585,
     1585,
     1585,
     1585,
     1585,
     1585,
     1585,
     1641,
     6784,
     1585,
     1585,
     6795,
     6767,
     6797,
     1585,
     6795,
     6797,
     1585,
     1585,
     1585,
     1585,
     6795,
     6785,
     6779,
     1536,
     1536,
     1536,
     1536,
     6784,
     7142,
     1641,
     1641,
     1641,
     7139,
     7138,
     7138,
     7138,
     7138,
     7138,
     6784,
     7142,
     1585,
     1585,
     1585,
     1585,
     1585,
     1585,
     1585,
     1585,
     1585,
     1585,
     1585,
     1585,
     1585,
     1585,
     1585,
     1585,
     1585,
     1585,
     6793,
     6797,
     1585,
     7139,
     6784,
     7138,
     6785,
     7138,
     7138,
     6797,
     1641,
     1585,
     1585,
     7139,
     7138,
     6784,
     1536,
     1536,
     1536,
     1536,
     6784,
     7148,
     1641,
     1641,
     1641,
     7145,
     7144,
     7144,
     7144,
     7144,
     7144,
     6784,
     7148,
     1585,
     1585,
     1585,
     1585,
     1641,
     1585,
     1585,
     1585,
     1585,
     1585,
     1585,
     1585,
     1585,
     1585,
     1585,
     1585,
     1641,
     1585,
     7147,
     7150,
     1585,
     7145,
     6796,
     7144,
     7144,
     7144,
     7144,
     7148,
     1641,
     1641,
     1641,
     7145,
     7144,
     6784,
     1536,
     1536,
     1536,
     1536,
     6784,
     1585,
     1585,
     1641,
     1641,
     1641,
     1585,
     1641,
     1585,
     1585,
     1641,
     6784,
     1585,
     1585,
     1585,
     1585,
     1585,
     1585,
     1585,
     1585,
     1585,
     1585,
     1585,
     1585,
     1585,
     1585,
     1585,
     1585,
     1585,
     1585,
     1585,
     1585,
     1585,
     1585,
     1641,
     7143,
     1585,
     1585,
     1585,
     1585,
     1585,
     1585,
     1585,
     1585,
     1585,
     1585,
     6784,
     1536,
     1536,
     1536,
     1536,
     6784,
     1585,
     1585,
     1585,
     1585,
     1585,
     1585,
     1585,
     1585,
     1641,
     1585,
     6784,
     1585,
     1585,
     1585,
     1585,
     1641,
     1585,
     1585,
     1585,
     1585,
     1585,
     1585,
     1585,
     1585,
     1585,
     1585,
     1585,
     1585,
     1641,
     1585,
     1585,
     1641,
     1585,
     1641,
     7149,
     1641,
     1585,
     1585,
     1585,
     1585,
     1585,
     1585,
     1585,
     1585,
     1641,
     6784,
     1536,
     1536,
     1536,
     1536,
     6784,
     1585,
     1585,
     1585,
     1585,
     1585,
     1585,
     1585,
     1585,
     1585,
     1585,
     6784,
     1585,
     1585,
     1585,
     1585,
     1585,
     1585,
     1585,
     1585,
     1585,
     1585,
     1585,
     1585,
     1585,
     1585,
     1585,
     1585,
     1585,
     1585,
     1585,
     1585,
     1585,
     1585,
     1585,
     1585,
     1585,
     1585,
     1641,
     1585,
     1585,
     1585,
     1585,
     1585,
     1585,
     1585,
     6784,
     1536,
     1536,
     1536,
     1536,
     6784,
     1641,
     1585,
     1585,
     1585,
     1585,
     1585,
     1585,
     1641,
     1585,
     1585,
     6784,
     1585,
     1585,
     1585,
     1585,
     1585,
     1585,
     1585,
     1585,
     1585,
     1585,
     1585,
     1585,
     1585,
     1585,
     1585,
     1585,
     1585,
     1585,
     1585,
     1585,
     1585,
     1585,
     1585,
     6794,
     1585,
     1585,
     1585,
     1585,
     1585,
     1585,
     1585,
     1585,
     1585,
     1585,
     6784,
     1536,
     1536,
     1536,
     1536,
     6784,
     1641,
     1585,
     1585,
     1585,
     1585,
     1585,
     1585,
     1585,
     1641,
     6795,
     6783,
     6785,
     6785,
     6785,
     6789,
     1585,
     1585,
     1585,
     1585,
     1585,
     1585,
     1585,
     1585,
     1585,
     1585,
     1585,
     1585,
     1585,
     1585,
     1641,
     6787,
     6785,
     6785,
     6785,
     6783,
     6797,
     1585,
     6795,
     6789,
     1585,
     1585,
     1585,
     1585,
     1641,
     1585,
     6784,
     1536,
     1536,
     1536,
     1536,
     6784,
     1585,
     1585,
     1585,
     1585,
     1585,
     1585,
     6794,
     1585,
     1585,
     7139,
     7138,
     7138,
     7138,
     7138,
     6796,
     1585,
     1585,
     1585,
     1585,
     1585,
     1585,
     1585,
     1585,
     1585,
     1641,
     1585,
     1585,
     1585,
     1585,
     1585,
     6784,
     7138,
     7138,
     7138,
     7138,
     7142,
     1585,
     7139,
     6784,
     1585,
     1585,
     1641,
     1585,
     1585,
     1585,
     6784,
     1536,
     1536,
     1536,
     1536,
     6784,
     1585,
     1641,
     1585,
     1585,
     1585,
     1585,
     6784,
     1641,
     1641,
     7145,
     7144,
     7144,
     7144,
     7144,
     7151,
     1585,
     1585,
     1585,
     1585,
     1585,
     1585,
     1585,
     1585,
     1585,
     1585,
     1585,
     1585,
     1585,
     1585,
     1585,
     6784,
     7144,
     7144,
     7144,
     7144,
     7148,
     1585,
     7145,
     6784,
     1585,
     1641,
     1585,
     1585,
     1585,
     1585,
     6784,
     1536,
     1536,
     1536,
     1536,
     6771,
     6797,
     1585,
     6798,
     1585,
     1641,
     6795,
     6779,
     1585,
     1585,
     1585,
     1641,
     1585,
     1585,
     1585,
     6798,
     1585,
     1585,
     1585,
     1585,
     1585,
     1585,
     1585,
     1585,
     1585,
     1585,
     1585,
     1585,
     1585,
     1585,
     1585,
     6784,
     1585,
     1585,
     1585,
     1641,
     1585,
     1585,
     1585,
     6771,
     6797,
     1585,
     6795,
     6797,
     1585,
     6795,
     6779,
     1536,
     1536,
     1536,
     1536,
     6784,
     7138,
     6785,
     7138,
     6785,
     6785,
     7138,
     6784,
     1585,
     1585,
     1585,
     1585,
     1585,
     1641,
     1641,
     7151,
     1641,
     1585,
     1585,
     1585,
     1585,
     1585,
     1585,
     1641,
     1585,
     1585,
     1585,
     1585,
     1585,
     1585,
     1585,
     6784,
     1585,
     1585,
     1585,
     1585,
     1585,
     1585,
     1585,
     6784,
     7138,
     6785,
     7138,
     7138,
     6785,
     7138,
     6784,
     1536,
     1536,
     1536,
     1536,
     6784,
     7144,
     7144,
     7144,
     7146,
     7146,
     7144,
     6784,
     1585,
     1641,
     1585,
     1585,
     1585,
     1585,
     1585,
     1641,
     1585,
     1585,
     1585,
     1585,
     1585,
     1585,
     1585,
     1585,
     1585,
     1585,
     1585,
     1585,
     1585,
     1641,
     1585,
     6784,
     1585,
     1585,
     1585,
     1585,
     1585,
     1585,
     1585,
     6784,
     7144,
     7146,
     7144,
     7144,
     7144,
     7144,
     6784,
     1536,
     1536,
     1536,
     1536,
     6784,
     1585,
     1641,
     1585,
     1585,
     1585,
     1585,
     6784,
     1585,
     1585,
     1585,
     1585,
     1641,
     1585,
     1641,
     6794,
     1641,
     1585,
     1585,
     1585,
     1585,
     1585,
     1585,
     1585,
     1585,
     1585,
     1585,
     1585,
     1585,
     1585,
     1585,
     6784,
     1585,
     1585,
     1585,
     1585,
     1585,
     1585,
     1641,
     6784,
     1585,
     1585,
     1585,
     1585,
     1585,
     1641,
     6784,
     1536,
     1536,
     1536,
     1536,
     6784,
     1585,
     1585,
     1585,
     1585,
     1585,
     1641,
     6784,
     1585,
     1585,
     1585,
     1585,
     1585,
     1585,
     1585,
     6784,
     1641,
     1585,
     1585,
     1585,
     1585,
     1585,
     1585,
     1585,
     1585,
     1585,
     1585,
     1585,
     1585,
     1585,
     1585,
     6784,
     1585,
     1585,
     1585,
     1585,
     1641,
     1585,
     1585,
     6784,
     1585,
     1585,
     1585,
     1585,
     1585,
     1585,
     6784,
     1536,
     1536,
     1536,
     1536,
     6784,
     1585,
     1585,
     1585,
     1585,
     1585,
     1641,
     6771,
     6797,
     1585,
     1585,
     1641,
     1585,
     6795,
     6785,
     6783,
     6785,
     6785,
     6785,
     6785,
     6785,
     6797,
     1585,
     1641,
     1585,
     1585,
     1585,
     1585,
     6795,
     6785,
     6785,
     6783,
     6797,
     1641,
     1585,
     6798,
     1585,
     1585,
     6795,
     6779,
     1585,
     1585,
     1585,
     1585,
     1641,
     1585,
     6784,
     1536,
     1536,
     1536,
     1536,
     6784,
     1585,
     1585,
     1585,
     1585,
     1585,
     1585,
     6784,
     7142,
     1585,
     1585,
     1585,
     1585,
     7139,
     7138,
     7138,
     7138,
     7138,
     7138,
     7138,
     7138,
     7142,
     1585,
     1585,
     1585,
     1585,
     1585,
     7139,
     7138,
     7138,
     7138,
     7138,
     7138,
     6785,
     6785,
     7142,
     1641,
     1585,
     7139,
     6784,
     1641,
     1585,
     1585,
     1585,
     1585,
     1585,
     6784,
     1536,
     1536,
     1536,
     1536,
     6784,
     1585,
     1585,
     1585,
     1585,
     1585,
     1585,
     6784,
     7148,
     1585,
     1641,
     1585,
     1585,
     7145,
     7144,
     7144,
     7144,
     7144,
     7144,
     7144,
     7144,
     7148,
     1585,
     1585,
     1585,
     1585,
     1585,
     7145,
     7144,
     7144,
     7144,
     7144,
     7144,
     7144,
     7144,
     7148,
     1641,
     1641,
     7145,
     6784,
     1585,
     1585,
     1585,
     1585,
     1641,
     1585,
     6784,
     1536,
     1536,
     1536,
     1536,
     6784,
     1585,
     1585,
     1585,
     1585,
     1585,
     1585,
     6784,
     1585,
     1585,
     1585,
     1585,
     1641,
     1585,
     1585,
     1585,
     1585,
     1585,
     1641,
     1585,
     1585,
     1585,
     1585,
     1641,
     1585,
     1585,
     1585,
     1585,
     1585,
     1585,
     1585,
     1641,
     1585,
     1585,
     1585,
     1585,
     1585,
     1585,
     1641,
     6784,
     1585,
     1641,
     1585,
     1585,
     1585,
     1585,
     6784,
     1536,
     1536,
     1536,
     1536,
     6784,
     1585,
     1585,
     1585,
     1585,
     1641,
     1641,
     6784,
     1585,
     1585,
     1585,
     1585,
     1585,
     1585,
     1585,
     1585,
     1585,
     1585,
     1585,
     1585,
     1585,
     1585,
     1585,
     1585,
     1585,
     1585,
     1585,
     1585,
     1585,
     1585,
     1585,
     1585,
     1585,
     1641,
     1585,
     1585,
     1641,
     1585,
     1585,
     6784,
     1585,
     1585,
     1585,
     1585,
     1585,
     1585,
     6784,
     1536,
     1536,
     1536,
     1536,
     6771,
     6797,
     1585,
     6795,
     6785,
     6785,
     6785,
     6779,
     1585,
     1585,
     1585,
     6787,
     6797,
     1585,
     6795,
     6797,
     1585,
     6795,
     6789,
     1585,
     1585,
     1585,
     1585,
     1585,
     1641,
     1585,
     1585,
     1585,
     6787,
     6785,
     6797,
     1585,
     1585,
     1585,
     1585,
     1585,
     1585,
     1585,
     1585,
     6771,
     6797,
     1585,
     1585,
     6798,
     1585,
     6795,
     6779,
     1536,
     1536,
     1536,
     1536,
     6784,
     7142,
     1585,
     7139,
     7138,
     7138,
     7138,
     6784,
     1585,
     1585,
     1585,
     6784,
     7138,
     6752,
     7138,
     7138,
     6752,
     7138,
     6784,
     1585,
     1585,
     1585,
     1585,
     1585,
     1585,
     1585,
     1641,
     1585,
     6784,
     7138,
     7138,
     6785,
     6797,
     1585,
     1585,
     1585,
     1585,
     1585,
     1641,
     6784,
     7138,
     6785,
     6785,
     7142,
     1585,
     7139,
     6784,
     1536,
     1536,
     1536,
     1536,
     6784,
     7148,
     1585,
     7145,
     7144,
     7144,
     7144,
     6796,
     1585,
     1585,
     1585,
     6784,
     7144,
     7144,
     7144,
     7144,
     7144,
     7144,
     6771,
     6785,
     6785,
     6797,
     1585,
     1585,
     1585,
     6795,
     6785,
     6785,
     6779,
     7144,
     7144,
     7144,
     7148,
     1585,
     1585,
     1585,
     1585,
     1585,
     1585,
     6784,
     7144,
     7144,
     7144,
     7148,
     1585,
     7145,
     6784,
     1536,
     1536,
     1536,
     1536,
     6784,
     1641,
     1585,
     1585,
     1585,
     1641,
     1585,
     7151,
     1585,
     1585,
     1585,
     6784,
     1585,
     1641,
     1585,
     1585,
     1585,
     1585,
     6796,
     7138,
     7138,
     7142,
     1585,
     1585,
     1585,
     7139,
     7138,
     7138,
     6784,
     1585,
     1585,
     1585,
     1585,
     1585,
     1585,
     1585,
     1585,
     1585,
     1585,
     6784,
     1585,
     1585,
     1585,
     1585,
     1585,
     1585,
     6784,
     1536,
     1536,
     1536,
     1536,
     6784,
     1585,
     1585,
     1585,
     1641,
     1585,
     1585,
     6794,
     1585,
     1585,
     1585,
     6796,
     1585,
     1585,
     1585,
     1585,
     1585,
     1585,
     7143,
     7144,
     7144,
     7148,
     1620,
     1621,
     1622,
     7145,
     7144,
     7144,
     6784,
     1585,
     1585,
     1585,
     1585,
     1585,
     1641,
     1585,
     1585,
     1585,
     1641,
     6796,
     1585,
     1585,
     1585,
     1585,
     1585,
     1585,
     6784,
     1536,
     1536,
     1536,
     1536,
     6784,
     1585,
     1641,
     1585,
     1585,
     1585,
     1585,
     6796,
     1585,
     1585,
     1585,
     7143,
     1585,
     1585,
     1585,
     1585,
     1585,
     1641,
     7149,
     1585,
     1585,
     1585,
     1585,
     1585,
     1585,
     1585,
     1641,
     1641,
     6784,
     1585,
     1585,
     1585,
     1585,
     1585,
     1641,
     1585,
     1585,
     1585,
     1585,
     7143,
     1585,
     1585,
     1585,
     1585,
     1585,
     1585,
     6784,
     1536,
     1536,
     1536,
     1536,
     6784,
     1641,
     1585,
     1585,
     1585,
     1585,
     1585,
     7151,
     1585,
     1585,
     1585,
     7149,
     1585,
     1585,
     1585,
     1585,
     1585,
     1585,
     1641,
     1585,
     1585,
     1585,
     1585,
     1641,
     1585,
     1585,
     1585,
     1585,
     6784,
     1585,
     1585,
     1585,
     1585,
     1585,
     1585,
     1641,
     1585,
     1585,
     1585,
     7149,
     1585,
     1585,
     1585,
     1585,
     1585,
     1585,
     6784,
     1536,
     1536,
     1536,
     1536,
     6784,
     1585,
     1585,
     1585,
     1585,
     1585,
     1641,
     1585,
     1585,
     1585,
     1585,
     1641,
     1585,
     1585,
     1585,
     1585,
     1641,
     1585,
     1641,
     1585,
     1641,
     1585,
     1585,
     1585,
     1585,
     1585,
     1585,
     1585,
     6784,
     1585,
     1641,
     1585,
     1585,
     1585,
     1585,
     1641,
     1641,
     1585,
     1585,
     1585,
     1585,
     1585,
     1585,
     1585,
     1585,
     1641,
     6784,
     1536,
     1536,
     1536,
     1536,
     6784,
     1585,
     1585,
     1585,
     1641,
     1585,
     1585,
     6794,
     1585,
     1641,
     1585,
     6794,
     1585,
     1585,
     1585,
     1585,
     1585,
     1641,
     6794,
     1585,
     1585,
     1585,
     1585,
     1585,
     1641,
     1585,
     1585,
     1585,
     6784,
     1585,
     1585,
     1585,
     1585,
     1641,
     1641,
     6794,
     1641,
     1585,
     1585,
     6794,
     1585,
     1641,
     1585,
     1585,
     1585,
     1585,
     6784,
     1536,
     1536,
     1536,
     1536,
     6784,
     1585,
     1641,
     1585,
     1585,
     1641,
     1585,
     6784,
     1585,
     1585,
     1585,
     6784,
     1585,
     1641,
     1585,
     1585,
     1585,
     1585,
     6784,
     1585,
     1585,
     1585,
     1585,
     1585,
     1585,
     1585,
     1585,
     1585,
     6784,
     1585,
     1585,
     1585,
     1585,
     1585,
     1585,
     6784,
     1585,
     1585,
     1585,
     6784,
     1585,
     1585,
     1585,
     1585,
     1641,
     1585,
     6784,
     1536,
     1536,
     1536,
     1536,
     6793,
     6785,
     6785,
     6785,
     6785,
     6785,
     6785,
     6783,
     6785,
     6785,
     6785,
     6783,
     6785,
     6785,
     6785,
     6785,
     6785,
     6785,
     6779,
     1585,
     1585,
     1585,
     1585,
     1641,
     1585,
     1585,
     1585,
     1585,
     6771,
     6785,
     6785,
     6785,
     6785,
     6785,
     6785,
     6783,
     6785,
     6785,
     6785,
     6783,
     6785,
     6785,
     6785,
     6785,
     6785,
     6785,
     6791,
     1536,
     1536,
     1536,
     1536,
     7139,
     7138,
     7138,
     7138,
     7138,
     7138,
     7138,
     7138,
     7138,
     7138,
     7138,
     7138,
     7138,
     7138,
     7138,
     7138,
     7138,
     7138,
     6784,
     1585,
     1585,
     1585,
     1585,
     1585,
     1585,
     1585,
     1585,
     1585,
     6784,
     7138,
     7138,
     7138,
     7138,
     7138,
     7138,
     7138,
     7138,
     7138,
     7138,
     7138,
     7138,
     7138,
     7138,
     7138,
     7138,
     7138,
     7142,
     1536,
     1536,
     1536,
     1536,
     7145,
     7144,
     7144,
     7144,
     7144,
     7144,
     7144,
     7144,
     7144,
     7144,
     7144,
     7144,
     7144,
     7144,
     7144,
     7144,
     7144,
     7144,
     6793,
     6785,
     6785,
     6785,
     6797,
     1585,
     6795,
     6785,
     6785,
     6785,
     6791,
     7144,
     7144,
     7144,
     7144,
     7144,
     7144,
     7144,
     7144,
     7144,
     7144,
     7144,
     7144,
     7144,
     7144,
     7144,
     7144,
     7144,
     7148,
     1536,
     1536,
     1536,
     1536,
     1536,
     1536,
     1536,
     1536,
     1536,
     1536,
     1536,
     1536,
     1536,
     1536,
     1536,
     1536,
     1536,
     1536,
     1536,
     1536,
     1536,
     1536,
     7139,
     7138,
     7138,
     7138,
     7142,
     1585,
     7139,
     7138,
     7138,
     7138,
     7142,
     1536,
     1536,
     1536,
     1536,
     1536,
     1536,
     1536,
     1536,
     1536,
     1536,
     1536,
     1536,
     1536,
     1536,
     1536,
     1536,
     1536,
     1536,
     1536,
     1536,
     1536,
     1536,
     1536,
     1536,
     1536,
     1536,
     1536,
     1536,
     1536,
     1536,
     1536,
     1536,
     1536,
     1536,
     1536,
     1536,
     1536,
     1536,
     1536,
     1536,
     7145,
     7144,
     7144,
     7144,
     7148,
     1585,
     7145,
     7144,
     7144,
     7144,
     7148,
     1536,
     1536,
     1536,
     1536,
     1536,
     1536,
     1536,
     1536,
     1536,
     1536,
     1536,
     1536,
     1536,
     1536,
     1536,
     1536,
     1536,
     1536,
     1536,
     1536,
     1536,
     1536,
     1536,
     1536,
     1536,
     1536,
     1536,
     1536,
     1536,
     1536,
     1536,
     1536,
     1536,
     1536,
     1536,
     1536,
     1536,
     1536,
     1536,
     1536,
     1536,
     1536,
     1536,
     1536,
     1536,
     1536,
     1536,
     1536,
     1536,
     1536,
     1536,
     1536,
     1536,
     1536,
     1536,
     1536,
     1536,
     1536,
     1536,
     1536,
     1536,
     1536,
     1536,
     1536,
     1536,
     1536,
     1536,
     1536,
     1536,
     1536,
     1536,
     1536,
     1536,
     1536,
     1536,
     1536,
     1536,
     1536,
     1536,
     1536,
     1536,
     1536,
     1536,
     1536,
     1536,
     1536,
     1536,
     1536,
     1536,
     1536,
     1536,
     1536,
     1536,
     1536,
     1536,
     1536,
     1536,
     1536,
     1536,
     1536,
     1536,
     1536,
     1536,
     1536,
     1536,
     1536,
     1536,
     1536,
     1536,
     1536,
     1536,
     1536,
     1536,
     1536,
     1536,
     1536,
     1536,
     1536,
     1536,
     1536,
     1536,
     1536,
     0,
     0,
     0,
     0,
     0,
     0,
     0,
     0,
     0,
     0,
     0,
     0,
     0,
     0,
     0,
     0,
     0,
     0,
     0,
     0,
     0,
     0,
     0,
     0,
     0,
     0,
     0,
     0,
     0,
     0,
     0,
     0,
     0,
     0,
     0,
     0,
     0,
     0,
     0,
     0,
     0,
     0,
     0,
     0,
     0,
     0,
     0,
     0,
     0,
     0,
     0,
     0,
     0,
     0,
     0,
     0,
     0,
     0,
     0,
     0,
     0,
     0,
     0,
     0,
     0,
     0,
     0,
     0,
     0,
     0,
     0,
     0,
     0,
     0,
     0,
     0,
     0,
     0,
     0,
     0,
     0,
     0,
     0,
     0,
     0,
     0,
     0,
     0,
     0,
     0,
     0,
     0,
     0,
     0,
     0,
     0,
     0,
     0,
     0,
     0,
     0,
     0,
     0,
     0,
     0,
     0,
     0,
     0,
     0,
     0,
     0,
     0,
     0,
     0,
     0,
     0,
     0,
     0,
     0,
     0,
     0,
     0,
     0,
     0,
     0,
     0,
     0,
     0,
     0,
     0,
     0,
     0,
     0,
     0,
     0,
     0,
     0,
     0,
     0,
     0,
     0,
     0,
     0,
     0,
     0,
     0,
     0,
     0,
     0,
     0,
     0,
     0,
     0,
     0,
     0,
     0,
     0,
     0,
     0,
     0,
     0,
     0,
     0,
     0,
     0,
     0,
     0,
     0,
     0,
     0,
     0,
     0,
     0,
     0,
     0,
     0,
     0,
     0,
     0,
     0,
     0,
     0,
     0,
     0,
     0,
     0,
     0,
     0,
     0,
     0,
     0,
     0,
     0,
     0,
     0,
     0,
     0,
     0,
     0,
     0,
     0,
     0,
     0,
     0,
     0,
     0,
     0,
     0,
     0,
     0,
     0,
     0,
     0,
     0,
     0,
     0,
     0,
     0,
     0,
     0,
     0,
     0,
     0,
     0,
     0,
     0,
     0,
     0,
     0,
     0,
     0,
     0,
     0,
     0,
     0,
     4320,
     4304,
     4304,
     4304,
     4328,
     0,
     0,
     0,
     0,
     0,
     0,
     0,
     0,
     0,
     0,
     0,
     0,
     0,
     0,
     0,
     0,
     0,
     0,
     0,
     0,
     0,
     0,
     0,
     3579,
     3581,
     3195,
     3189,
     3582,
     0,
     0,
     4338,
     4340,
     0,
     0,
     3195,
     3174,
     3188,
     0,
     0,
     0,
     0,
     3195,
     3197,
     0,
     0,
     3194,
     4344,
     4332,
     4312,
     4304,
     4306,
     4340,
     0,
     0,
     3186,
     3188,
     0,
     0,
     0,
     0,
     0,
     0,
     0,
     0,
     0,
     0,
     0,
     0,
     0,
     3194,
     0,
     3195,
     3185,
     3185,
     3197,
     0,
     0,
     3193,
     3197,
     0,
     4338,
     4305,
     4306,
     4340,
     3194,
     0,
     3168,
     3176,
     0,
     0,
     0,
     0,
     0,
     0,
     0,
     3195,
     3179,
     0,
     3194,
     4344,
     4332,
     4312,
     4328,
     0,
     3186,
     3157,
     3190,
     0,
     3522,
     3508,
     3508,
     3508,
     3524,
     3194,
     0,
     0,
     0,
     0,
     0,
     0,
     3184,
     0,
     0,
     3522,
     3508,
     3508,
     3508,
     3524,
     0,
     0,
     0,
     4320,
     4308,
     4332,
     4342,
     3196,
     0,
     3192,
     3182,
     3185,
     3197,
     0,
     0,
     0,
     0,
     0,
     0,
     3193,
     3185,
     3191,
     0,
     0,
     4344,
     4342,
     0,
     3192,
     3190,
     0,
     3522,
     3489,
     3488,
     3488,
     3488,
     3512,
     3184,
     0,
     0,
     0,
     0,
     0,
     0,
     3196,
     0,
     3522,
     3489,
     3488,
     3488,
     3488,
     3490,
     3524,
     0,
     0,
     4344,
     4342,
     3571,
     3581,
     0,
     3139,
     3149,
     0,
     0,
     0,
     0,
     0,
     0,
     0,
     0,
     0,
     0,
     0,
     0,
     0,
     0,
     0,
     0,
     0,
     3578,
     0,
     0,
     3504,
     3488,
     3488,
     3488,
     3488,
     3512,
     3196,
     0,
     0,
     0,
     0,
     0,
     0,
     0,
     3522,
     3489,
     3488,
     3488,
     3488,
     3488,
     3492,
     3526,
     0,
     0,
     0,
     3571,
     3575,
     3147,
     3137,
     3143,
     0,
     0,
     0,
     0,
     0,
     0,
     0,
     0,
     0,
     0,
     0,
     0,
     0,
     0,
     0,
     0,
     3198,
     0,
     3553,
     3572,
     3522,
     3489,
     3488,
     3488,
     3488,
     3492,
     3526,
     0,
     0,
     0,
     0,
     0,
     0,
     0,
     0,
     3528,
     3516,
     3496,
     3488,
     3488,
     3492,
     3526,
     0,
     3578,
     0,
     0,
     3580,
     3194,
     0,
     0,
     0,
     0,
     0,
     0,
     0,
     0,
     0,
     0,
     0,
     0,
     0,
     0,
     0,
     0,
     0,
     0,
     0,
     0,
     0,
     3552,
     3560,
     3504,
     3488,
     3492,
     3516,
     3516,
     3526,
     0,
     0,
     0,
     0,
     0,
     0,
     0,
     0,
     3578,
     0,
     0,
     3528,
     3516,
     3516,
     3526,
     0,
     3570,
     3562,
     0,
     0,
     0,
     3196,
     3138,
     3125,
     3149,
     0,
     0,
     0,
     0,
     0,
     0,
     0,
     0,
     0,
     0,
     0,
     0,
     0,
     0,
     0,
     0,
     0,
     0,
     3576,
     3574,
     3528,
     3516,
     3526,
     0,
     0,
     0,
     0,
     3194,
     0,
     0,
     0,
     0,
     0,
     0,
     3580,
     0,
     0,
     0,
     0,
     0,
     0,
     3579,
     3565,
     3574,
     0,
     0,
     0,
     3138,
     3105,
     3128,
     0,
     0,
     0,
     3187,
     3185,
     3185,
     3197,
     0,
     3198,
     0,
     0,
     3570,
     3572,
     0,
     0,
     0,
     3194,
     0,
     0,
     0,
     0,
     0,
     0,
     0,
     3570,
     3557,
     3581,
     3195,
     3191,
     0,
     0,
     0,
     0,
     0,
     0,
     0,
     0,
     0,
     0,
     0,
     0,
     0,
     0,
     0,
     0,
     0,
     0,
     0,
     3120,
     3108,
     3142,
     3570,
     3572,
     0,
     3196,
     3138,
     3124,
     3124,
     3124,
     3124,
     3140,
     3198,
     3552,
     3560,
     0,
     0,
     0,
     3184,
     0,
     0,
     0,
     0,
     0,
     0,
     3579,
     3565,
     3574,
     0,
     0,
     0,
     0,
     0,
     0,
     0,
     0,
     0,
     0,
     0,
     0,
     0,
     0,
     0,
     0,
     0,
     0,
     0,
     0,
     0,
     0,
     3144,
     3142,
     3571,
     3565,
     3574,
     0,
     3138,
     3105,
     3104,
     3104,
     3104,
     3104,
     3106,
     3140,
     3576,
     3546,
     3572,
     0,
     0,
     3184,
     0,
     0,
     0,
     0,
     0,
     0,
     0,
     0,
     3195,
     3197,
     0,
     0,
     0,
     0,
     0,
     0,
     0,
     0,
     0,
     0,
     0,
     0,
     0,
     0,
     0,
     0,
     0,
     0,
     0,
     0,
     0,
     4338,
     4340,
     3580,
     0,
     0,
     3138,
     3105,
     3104,
     3104,
     3104,
     3104,
     3104,
     3104,
     3128,
     0,
     3576,
     3574,
     0,
     0,
     3196,
     0,
     0,
     0,
     0,
     0,
     0,
     0,
     0,
     0,
     0,
     0,
     0,
     0,
     0,
     0,
     0,
     0,
     0,
     0,
     0,
     0,
     0,
     0,
     0,
     0,
     3579,
     3569,
     3573,
     0,
     0,
     4338,
     4309,
     4342,
     0,
     3194,
     3138,
     3105,
     3104,
     3104,
     3104,
     3104,
     3104,
     3104,
     3108,
     3142,
     3194,
     0,
     4338,
     4340,
     0,
     0,
     0,
     0,
     0,
     0,
     3187,
     3197,
     0,
     0,
     0,
     0,
     3195,
     3197,
     0,
     0,
     0,
     0,
     0,
     0,
     0,
     0,
     4338,
     4324,
     4324,
     4324,
     4340,
     0,
     0,
     3568,
     0,
     4338,
     4305,
     4328,
     0,
     0,
     3184,
     3120,
     3104,
     3104,
     3104,
     3104,
     3104,
     3104,
     3104,
     3128,
     3195,
     3191,
     0,
     4344,
     4329,
     0,
     0,
     0,
     0,
     0,
     0,
     3196,
     0,
     4338,
     4324,
     4324,
     4340,
     0,
     0,
     0,
     0,
     0,
     0,
     0,
     0,
     3578,
     4338,
     4305,
     4304,
     4304,
     4308,
     4342,
     0,
     3198,
     3568,
     0,
     4320,
     4304,
     4306,
     4340,
     0,
     3196,
     3144,
     3112,
     3104,
     3104,
     3104,
     3104,
     3104,
     3104,
     3128,
     0,
     0,
     0,
     0,
     4336,
     0,
     0,
     3195,
     3185,
     3197,
     0,
     0,
     0,
     4320,
     4304,
     4304,
     4306,
     4340,
     0,
     0,
     0,
     0,
     0,
     0,
     0,
     3568,
     4344,
     4332,
     4312,
     4304,
     4328,
     3194,
     0,
     0,
     3580,
     0,
     4320,
     4304,
     4304,
     4306,
     4324,
     4340,
     3194,
     3144,
     3112,
     3104,
     3104,
     3104,
     3104,
     3108,
     3142,
     0,
     4338,
     4340,
     0,
     4345,
     4337,
     4349,
     0,
     0,
     0,
     0,
     0,
     0,
     4344,
     4332,
     4312,
     4308,
     4342,
     0,
     0,
     0,
     0,
     0,
     0,
     0,
     3553,
     3556,
     3572,
     4344,
     4332,
     4342,
     3193,
     3197,
     0,
     0,
     0,
     0,
     0,
     0,
     0,
     4332,
     4342,
     3193,
     3197,
     3144,
     3112,
     3104,
     3104,
     3108,
     3142,
     0,
     4338,
     4305,
     4328,
     0,
     0,
     0,
     0,
     0,
     0,
     0,
     3578,
     0,
     0,
     3195,
     3197,
     4344,
     4342,
     0,
     3578,
     0,
     0,
     0,
     0,
     0,
     0,
     3576,
     3564,
     3550,
     3581,
     0,
     0,
     0,
     0,
     0,
     0,
     0,
     0,
     0,
     0,
     0,
     0,
     0,
     0,
     4338,
     4340,
     3144,
     3112,
     3104,
     3128,
     0,
     4338,
     4305,
     4304,
     4328,
     0,
     0,
     0,
     0,
     0,
     0,
     0,
     3568,
     0,
     0,
     0,
     0,
     0,
     0,
     3570,
     3562,
     0,
     0,
     0,
     0,
     0,
     0,
     0,
     0,
     3580,
     0,
     0,
     0,
     0,
     0,
     0,
     0,
     0,
     0,
     0,
     0,
     0,
     3194,
     4338,
     4324,
     4305,
     4306,
     4340,
     3144,
     3132,
     3142,
     0,
     4320,
     4304,
     4304,
     4328,
     3194,
     0,
     0,
     0,
     0,
     0,
     0,
     3568,
     0,
     0,
     0,
     0,
     3195,
     3197,
     3576,
     3574,
     0,
     0,
     0,
     0,
     0,
     0,
     0,
     0,
     0,
     0,
     0,
     0,
     0,
     3570,
     3556,
     3556,
     3556,
     3572,
     0,
     0,
     0,
     3196,
     4344,
     4312,
     4304,
     4304,
     4306,
     4340,
     0,
     0,
     0,
     4320,
     4304,
     4308,
     4342,
     3184,
     0,
     0,
     0,
     0,
     0,
     0,
     3577,
     3581,
     0,
     0,
     0,
     0,
     0,
     0,
     0,
     0,
     0,
     0,
     0,
     0,
     0,
     0,
     0,
     0,
     0,
     0,
     0,
     0,
     3576,
     3564,
     3544,
     3540,
     3574,
     0,
     0,
     0,
     0,
     0,
     4320,
     4304,
     4304,
     4304,
     4328,
     0,
     0,
     4338,
     4305,
     4304,
     4328,
     3195,
     3179,
     0,
     4338,
     4340,
     3195,
     3197,
     4338,
     4324,
     4340,
     0,
     0,
     0,
     0,
     0,
     0,
     0,
     0,
     0,
     0,
     0,
     0,
     0,
     0,
     0,
     0,
     0,
     0,
     0,
     0,
     3194,
     0,
     3576,
     3574,
     0,
     0,
     0,
     0,
     0,
     0,
     4320,
     4304,
     4304,
     4308,
     4342,
     3570,
     3572,
     4320,
     4304,
     4304,
     4328,
     0,
     3184,
     0,
     4344,
     4314,
     4324,
     4324,
     4305,
     4308,
     4342,
     0,
     0,
     0,
     0,
     0,
     0,
     0,
     0,
     0,
     0,
     0,
     0,
     0,
     0,
     0,
     0,
     0,
     0,
     0,
     0,
     3169,
     3172,
     3188,
     0,
     0,
     0,
     0,
     0,
     0,
     0,
     4344,
     4312,
     4308,
     4342,
     3570,
     3537,
     3560,
     4344,
     4332,
     4332,
     4342,
     0,
     3184,
     0,
     0,
     4344,
     4332,
     4332,
     4332,
     4342,
     0,
     0,
     0,
     0,
     3146,
     3195,
     3189,
     0,
     0,
     0,
     0,
     0,
     0,
     0,
     0,
     4338,
     4324,
     4340,
     0,
     0,
     0,
     3192,
     3180,
     3190,
     0,
     0,
     0,
     0,
     0,
     0,
     0,
     0,
     4344,
     4342,
     3579,
     3565,
     3564,
     3574,
     0,
     3186,
     3188,
     0,
     0,
     3196,
     0,
     0,
     0,
     0,
     0,
     0,
     0,
     0,
     0,
     0,
     0,
     3123,
     3149,
     3196,
     0,
     0,
     0,
     0,
     0,
     0,
     0,
     4338,
     4305,
     4304,
     4306,
     4340,
     0,
     0,
     0,
     0,
     0,
     0,
     0,
     0,
     0,
     0,
     0,
     0,
     0,
     0,
     0,
     0,
     0,
     0,
     0,
     0,
     3192,
     3190,
     0,
     0,
     0,
     0,
     0,
     0,
     0,
     0,
     3195,
     3189,
     0,
     0,
     0,
     3138,
     3130,
     0,
     0,
     0,
     0,
     0,
     0,
     0,
     0,
     0,
     4344,
     4312,
     4304,
     4304,
     4306,
     4340,
     0,
     0,
     0,
     3198,
     0,
     0,
     0,
     0,
     0,
     0,
     0,
     0,
     0,
     0,
     0,
     0,
     0,
     0,
     3138,
     3140,
     0,
     0,
     0,
     0,
     0,
     0,
     0,
     0,
     0,
     0,
     3196,
     0,
     0,
     0,
     3120,
     3106,
     3140,
     0,
     3578,
     0,
     0,
     0,
     0,
     0,
     0,
     0,
     4344,
     4312,
     4308,
     4332,
     4342,
     0,
     0,
     0,
     0,
     0,
     0,
     0,
     0,
     0,
     0,
     0,
     0,
     0,
     0,
     0,
     0,
     0,
     3138,
     3105,
     3128,
     0,
     0,
     0,
     0,
     0,
     0,
     0,
     0,
     0,
     0,
     0,
     0,
     0,
     3194,
     3144,
     3132,
     3129,
     0,
     3568,
     0,
     0,
     0,
     0,
     0,
     0,
     0,
     0,
     4344,
     4342,
     0,
     0,
     0,
     0,
     0,
     0,
     0,
     0,
     3194,
     0,
     3186,
     3188,
     0,
     0,
     0,
     0,
     0,
     0,
     0,
     3144,
     3112,
     3106,
     3124,
     3140,
     0,
     0,
     0,
     0,
     0,
     0,
     0,
     0,
     0,
     0,
     0,
     3184,
     0,
     0,
     3148,
     3570,
     3562,
     0,
     0,
     0,
     0,
     0,
     0,
     0,
     0,
     0,
     0,
     0,
     0,
     0,
     4346,
     0,
     0,
     0,
     3195,
     3183,
     3185,
     3181,
     3190,
     4338,
     4324,
     4324,
     4324,
     4340,
     3579,
     3558,
     3572,
     3144,
     3132,
     3132,
     3142,
     0,
     0,
     3186,
     3188,
     0,
     0,
     0,
     0,
     3570,
     3572,
     0,
     3193,
     3185,
     3197,
     0,
     3576,
     3574,
     0,
     0,
     0,
     0,
     0,
     0,
     0,
     0,
     0,
     0,
     0,
     0,
     0,
     4321,
     4340,
     0,
     0,
     0,
     0,
     0,
     0,
     0,
     0,
     0,
     4304,
     4304,
     4306,
     4340,
     3576,
     3566,
     3569,
     3569,
     3581,
     0,
     0,
     0,
     3192,
     3182,
     3185,
     3185,
     3185,
     3189,
     3576,
     3574,
     0,
     0,
     0,
     0,
     0,
     0,
     0,
     0,
     0,
     0,
     0,
     0,
     0,
     0,
     0,
     0,
     0,
     0,
     0,
     0,
     4320,
     4328,
     0,
     0,
     0,
     0,
     0,
     0,
     0,
     0,
     0,
     4304,
     4304,
     4304,
     4306,
     4340,
     0,
     0,
     0,
     0,
     0,
     0,
     0,
     0,
     0,
     3138,
     3124,
     3140,
     3193,
     3197,
     0,
     0,
     0,
     0,
     0,
     0,
     0,
     0,
     0,
     0,
     0,
     0,
     0,
     0,
     0,
     0,
     0,
     0,
     0,
     0,
     0,
     4320,
     4328,
     3578,
     0,
     0,
     0,
     0,
     0,
     0,
     0,
     0,
     0,
     0,
     0,
     4304,
     4328,
     0,
     0,
     0,
     0,
     0,
     0,
     0,
     0,
     0,
     3144,
     3132,
     3114,
     3140,
     0,
     0,
     0,
     0,
     0,
     0,
     0,
     0,
     0,
     0,
     0,
     0,
     0,
     0,
     0,
     3570,
     3572,
     0,
     0,
     0,
     0,
     0,
     4320,
     4328,
     3568,
     0,
     0,
     0,
     4338,
     4324,
     4340,
     0,
     0,
     0,
     0,
     0,
     4332,
     4342,
     0,
     0,
     0,
     0,
     0,
     4338,
     4324,
     4340,
     0,
     0,
     0,
     3120,
     3128,
     3194,
     0,
     0,
     4338,
     4324,
     4324,
     4340,
     0,
     3194,
     0,
     0,
     0,
     0,
     0,
     0,
     3554,
     3574,
     0,
     0,
     0,
     3146,
     0,
     4322,
     4342,
     3568,
     0,
     4338,
     4324,
     4305,
     4308,
     4342,
     0,
     0,
     0,
     0,
     0,
     0,
     0,
     0,
     0,
     0,
     0,
     0,
     4344,
     4312,
     4306,
     4340,
     0,
     0,
     3120,
     3128,
     3184,
     0,
     0,
     4320,
     4304,
     4304,
     4306,
     4340,
     3196,
     0,
     0,
     0,
     0,
     0,
     0,
     3580,
     0,
     0,
     3138,
     3125,
     3143,
     0,
     4348,
     3570,
     3562,
     0,
     4320,
     4304,
     4304,
     4328,
     0,
     0,
     0,
     3147,
     3149,
     0,
     3195,
     3185,
     3189,
     0,
     0,
     0,
     0,
     0,
     4344,
     4312,
     4306,
     4340,
     0,
     3144,
     3142,
     3169,
     3188,
     0,
     4344,
     4312,
     4304,
     4304,
     4328,
     0,
     0,
     0,
     0,
     0,
     0,
     0,
     0,
     3138,
     3125,
     3133,
     3142,
     0,
     0,
     0,
     3552,
     3560,
     0,
     4344,
     4312,
     4304,
     4328,
     0,
     0,
     0,
     3195,
     3197,
     0,
     0,
     0,
     3193,
     3185,
     3197,
     0,
     0,
     3194,
     0,
     4320,
     4308,
     4342,
     3198,
     0,
     0,
     3192,
     3190,
     0,
     0,
     4320,
     4304,
     4304,
     4328,
     0,
     0,
     0,
     0,
     0,
     0,
     0,
     3139,
     3133,
     3142,
     3195,
     3189,
     0,
     0,
     0,
     3576,
     3574,
     0,
     0,
     4320,
     4308,
     4342,
     0,
     0,
     0,
     0,
     0,
     0,
     0,
     0,
     0,
     0,
     4338,
     4324,
     0,
     3184,
     0,
     4344,
     4342,
     0,
     0,
     0,
     0,
     0,
     3578,
     0,
     0,
     4344,
     4312,
     4308,
     4342,
     0,
     0,
     0,
     0,
     0,
     0,
     0,
     3148,
     3195,
     3197,
     0,
     3193,
     3189,
     0,
     0,
     0,
     3194,
     0,
     0,
     4344,
     4342,
     3570,
     3572,
     0,
     0,
     3146,
     0,
     3186,
     3188,
     0,
     0,
     0,
     4320,
     4304,
     0,
     3169,
     3188,
     3570,
     3556,
     3572,
     0,
     0,
     0,
     3570,
     3562,
     0,
     0,
     0,
     4344,
     4342,
     0,
     0,
     0,
     0,
     0,
     0,
     0,
     0,
     0,
     0,
     0,
     3198,
     0,
     3196,
     0,
     0,
     3195,
     3191,
     0,
     0,
     0,
     0,
     3576,
     3566,
     3581,
     0,
     3121,
     3140,
     3192,
     3177,
     0,
     0,
     4338,
     4305,
     4304,
     0,
     3192,
     3190,
     3576,
     3564,
     3566,
     3581,
     0,
     0,
     3576,
     3574,
     0,
     0,
     3195,
     3197,
     0,
     0,
     0,
     0,
     0,
     0,
     0,
     0,
     0,
     0,
     0,
     0,
     0,
     0,
     0,
     0,
     0,
     0,
     0,
     0,
     0,
     0,
     0,
     0,
     0,
     0,
     0,
     3120,
     3106,
     3140,
     3196,
     0,
     0,
     4320,
     4304,
     4304,
     0,
     0,
     0,
     0,
     0,
     0,
     0,
     0,
     0,
     0,
     0,
     0,
     0,
     0,
     0,
     0,
     0,
     0,
     0,
     0,
     0,
     0,
     0,
     0,
     0,
     0,
     0,
     0,
     0,
     0,
     0,
     0,
     0,
     0,
     0,
     0,
     0,
     0,
     0,
     0,
     0,
     0,
     3144,
     3132,
     3142,
     0,
     0,
     4338,
     4305,
     4304,
     4304,
     0,
     0,
     0,
     0,
     0,
     0,
     0,
     0,
     0,
     0,
     0,
     0,
     0,
     0,
     0,
     0,
     0,
     0,
     0,
     0,
     0,
     0,
     0,
     0,
     0,
     0,
     0,
     0,
     0,
     0,
     0,
     0,
     0,
     0,
     0,
     0,
     0,
     0,
     0,
     0,
     0,
     0,
     0,
     0,
     0,
     0,
     0,
     0,
     0,
     0,
     0,
     0,
     0,
     0,
     0,
     0,
     0,
     0,
     0,
     0,
     0,
     0,
     0,
     0,
     0,
     0,
     0,
     0,
     0,
     0,
     0,
     0,
     0,
     0,
     0,
     0,
     0,
     0,
     0,
     0,
     0,
     0,
     0,
     0,
     0,
     0,
     0,
     0,
     0,
     0,
     0,
     0,
     0,
     0,
     0,
     0,
     0,
     0,
     0,
     0,
     0,
     0,
     0,
     0,
     0,
     0,
     0,
     0,
     0,
     0,
     0,
     0,
     0,
     0,
     0,
     0,
     0,
     0,
     0,
     0,
     0,
     0,
     0,
     0,
     0,
     0,
     0,
     0,
     0,
     0,
     0,
     0,
     0,
     0,
     0,
     0,
     0,
     0,
     0,
     0,
     0,
     0,
     0,
     0,
     0,
     0,
     0,
     0,
     0,
     0,
     0,
     0,
     0,
     0,
     0,
     0,
     0,
     0,
     0,
     0,
     0,
     0,
     0,
     0,
     0,
     0,
     0,
     0,
     0,
     0,
     0,
     0,
     0,
     0,
     0,
     0,
     0,
     0,
     0,
     0,
     0,
     0,
     0,
     0,
     0,
     0,
     0,
     0,
     0,
     0,
     0,
     0,
     0,
     0,
     0,
     0,
     0,
     0,
     0,
     0,
     0,
     0,
     0,
     0,
     0,
     0,
     0,
     0,
     0,
     0,
     0,
     0,
     0,
     0,
     0,
     0,
     0,
     0,
     0,
     0,
     0,
     0,
     0,
     0,
     0,
     0,
     0,
     0,
     0,
     0,
     0,
     0,
     0,
     0,
     0,
     0,
     0,
     0,
     0,
     0,
     0,
     0,
     0,
     0,
     0,
     0,
     0,
     0,
     0,
     0,
     0,
     0,
     0,
     0,
     0,
     0,
     0,
     0,
     0,
     0,
     0,
     0,
     0,
     0,
     0,
     0,
     0,
     0,
     0,
     0,
     0,
     0,
     0,
     0,
     0,
     0,
     0,
     0,
     0,
     0,
     0,
     0,
     0,
     0,
     0,
     0,
     0,
     0,
     0,
     0,
     0,
     0,
     0,
     0,
     0,
     0,
     0,
     0,
     0,
     0,
     0,
     0,
     0,
     0,
     0,
     0,
     0,
     0,
     0,
     0,
     0,
     0,
     0,
     0,
     0,
     0,
     0,
     0,
     0,
     0,
     0,
     0,
     0,
     0,
     0,
     0,
     0,
     0,
     0,
     0,
     0,
     0,
     0,
     0,
     0,
     0,
     0,
     0,
     0,
     0,
     0,
     0,
     0,
     0,
     0,
     0,
     0,
     0,
     0,
     0,
     0,
     0,
     0,
     0,
     0,
     0,
     0,
     0,
     0,
     0,
     0,
     0,
     0,
     0,
     0,
     0,
     0,
     0,
     0,
     0,
     0,
     0,
     0,
     0,
     0,
     0,
     0,
     0,
     0,
     0,
     0,
     0,
     0,
     0,
     0,
     0,
     0,
     0,
     0,
     0,
     0,
     0,
     0,
     0,
     0,
     0,
     0,
     0,
     0,
     0,
     0,
     0,
     0,
     0,
     0,
     0,
     0,
     0,
     0,
     0,
     0,
     0,
     0,
     0,
     0,
     0,
     0,
     0,
     0,
     0,
     0,
     0,
     0,
     0,
     0,
     0,
     0,
     0,
     0,
     0,
     0,
     0,
     156,
     0,
     0,
     0,
     0,
     156,
     134,
     157,
     134,
     0,
     0,
     157,
     0,
     134,
     156,
     157,
     134,
     0,
     158,
     134,
     156,
     0,
     0,
     0,
     156,
     134,
     0,
     157,
     0,
     0,
     0,
     0,
     0,
     0,
     0,
     156,
     134,
     156,
     134,
     0,
     0,
     0,
     157,
     134,
     0,
     0,
     0,
     0,
     0,
     0,
     0,
     164,
     108,
     108,
     108,
     0,
     164,
     142,
     165,
     142,
     0,
     0,
     165,
     0,
     142,
     164,
     165,
     142,
     0,
     166,
     142,
     164,
     0,
     0,
     0,
     164,
     142,
     0,
     165,
     108,
     108,
     108,
     108,
     108,
     0,
     0,
     164,
     142,
     164,
     142,
     0,
     0,
     108,
     165,
     142,
     0,
     0,
     0,
     0,
     0,
     0,
     0,
     0,
     0,
     108,
     108,
     0,
     0,
     0,
     0,
     0,
     0,
     0,
     0,
     0,
     0,
     0,
     108,
     0,
     0,
     0,
     108,
     0,
     0,
     0,
     0,
     0,
     0,
     108,
     0,
     0,
     0,
     0,
     0,
     108,
     0,
     0,
     0,
     0,
     0,
     0,
     0,
     0,
     0,
     0,
     0,
     0,
     0,
     0,
     0,
     0,
     0,
     0,
     0,
     0,
     0,
     0,
     0,
     0,
     0,
     0,
     0,
     0,
     0,
     0,
     0,
     0,
     0,
     0,
     0,
     0,
     0,
     0,
     0,
     18,
     0,
     19,
     0,
     0,
     0,
     0,
     0,
     0,
     0,
     0,
     0,
     0,
     0,
     0,
     0,
     0,
     0,
     0,
     0,
     0,
     0,
     0,
     0,
     0,
     0,
     0,
     0,
     0,
     0,
     0,
     0,
     0,
     0,
     0,
     0,
     0,
     0,
     0,
     0,
     0,
     0,
     0,
     0,
     0,
     0,
     0,
     0,
     0,
     0,
     0,
     0,
     0,
     0,
     0,
     0,
     0,
     0,
     0,
     0,
     0,
     0,
     0,
     0,
     0,
     0,
     0,
     0,
     0,
     0,
     0,
     0,
     0,
     0,
     0,
     0,
     0,
     0,
     0,
     0,
     0,
     0,
     0,
     0,
     0,
     0,
     0,
     0,
     0,
     0,
     0,
     0,
     0,
     0,
     0,
     0,
     0,
     0,
     0,
     0,
     0,
     0,
     0,
     0,
     0,
     0,
     0,
     0,
     0,
     0,
     0,
     0,
     0,
     0,
     108,
     0,
     0,
     0,
     0,
     0,
     0,
     0,
     0,
     0,
     0,
     0,
     0,
     0,
     0,
     0,
     0,
     0,
     0,
     0,
     0,
     0,
     0,
     0,
     0,
     0,
     0,
     0,
     0,
     0,
     0,
     0,
     0,
     0,
     0,
     0,
     286,
     156,
     286,
     0,
     286,
     157,
     286,
     0,
     286,
     156,
     286,
     0,
     0,
     0,
     0,
     0,
     0,
     0,
     0,
     0,
     0,
     0,
     0,
     0,
     0,
     0,
     0,
     0,
     0,
     0,
     0,
     0,
     0,
     0,
     0,
     0,
     0,
     0,
     0,
     0,
     0,
     0,
     0,
     0,
     0,
     0,
     0,
     0,
     0,
     0,
     0,
     294,
     164,
     294,
     0,
     294,
     165,
     294,
     0,
     294,
     164,
     294,
     0,
     0,
     108,
     0,
     0,
     0,
     0,
     0,
     0,
     0,
     0,
     0,
     0,
     0,
     0,
     0,
     0,
     0,
     0,
     0,
     0,
     0,
     0,
     0,
     0,
     0,
     0,
     0,
     0,
     0,
     0,
     0,
     0,
     108,
     0,
     0,
     0,
     0,
     0,
     0,
     302,
     0,
     302,
     108,
     302,
     0,
     302,
     0,
     302,
     0,
     302,
     0,
     0,
     0,
     0,
     0,
     0,
     0,
     0,
     0,
     0,
     0,
     0,
     0,
     108,
     0,
     0,
     0,
     0,
     0,
     0,
     0,
     0,
     0,
     0,
     0,
     0,
     0,
     0,
     0,
     0,
     0,
     0,
     0,
     108,
     0,
     0,
     0,
     0,
     108,
     0,
     0,
     0,
     0,
     0,
     0,
     0,
     0,
     0,
     0,
     0,
     0,
     108,
     0,
     108,
     0,
     0,
     0,
     0,
     0,
     0,
     0,
     0,
     0,
     0,
     0,
     0,
     0,
     0,
     0,
     0,
     0,
     0,
     0,
     0,
     0,
     0,
     108,
     0,
     0,
     0,
     0,
     0,
     0,
     0,
     0,
     0,
     0,
     0,
     0,
     0,
     0,
     0,
     0,
     0,
     0,
     0,
     0,
     0,
     0,
     0,
     0,
     0,
     108,
     0,
     0,
     0,
     0,
     0,
     0,
     0,
     0,
     0,
     0,
     0,
     0,
     0,
     0,
     0,
     0,
     0,
     0,
     0,
     0,
     0,
     0,
     0,
     0,
     108,
     157,
     156,
     158,
     0,
     0,
     144,
     0,
     0,
     0,
     0,
     0,
     0,
     0,
     0,
     104,
     0,
     0,
     0,
     0,
     0,
     0,
     0,
     0,
     0,
     0,
     0,
     0,
     0,
     0,
     156,
     0,
     156,
     0,
     157,
     0,
     0,
     0,
     0,
     0,
     0,
     157,
     0,
     0,
     0,
     0,
     0,
     0,
     0,
     0,
     108,
     108,
     165,
     164,
     166,
     0,
     0,
     0,
     0,
     0,
     0,
     0,
     0,
     0,
     0,
     0,
     0,
     0,
     0,
     0,
     0,
     0,
     0,
     0,
     0,
     0,
     0,
     0,
     167,
     0,
     0,
     164,
     0,
     164,
     0,
     165,
     0,
     167,
     0,
     0,
     0,
     0,
     165,
     0,
     0,
     0,
     0,
     0,
     0,
     0,
     0,
     108,
     108,
     108,
     0,
     108,
     0,
     0,
     0,
     0,
     0,
     0,
     0,
     0,
     0,
     0,
     0,
     0,
     0,
     0,
     0,
     0,
     0,
     0,
     0,
     0,
     0,
     0,
     0,
     0,
     0,
     0,
     108,
     156,
     108,
     108,
     0,
     0,
     0,
     0,
     0,
     0,
     0,
     0,
     0,
     0,
     0,
     0,
     0,
     0,
     0,
     0,
     0,
     0,
     0,
     0,
     0,
     0,
     0,
     0,
     0,
     0,
     0,
     0,
     0,
     0,
     0,
     0,
     0,
     0,
     0,
     0,
     0,
     0,
     0,
     0,
     0,
     0,
     0,
     0,
     0,
     0,
     0,
     108,
     164,
     108,
     0,
     0,
     0,
     0,
     0,
     0,
     0,
     0,
     0,
     0,
     0,
     0,
     0,
     0,
     0,
     0,
     0,
     0,
     0,
     0,
     0,
     0,
     0,
     0,
     0,
     0,
     0,
     0,
     0,
     0,
     0,
     0,
     0,
     0,
     0,
     0,
     0,
     0,
     0,
     0,
     0,
     103,
     104,
     0,
     0,
     0,
     0,
     0,
     0,
     0,
     0,
     0,
     0,
     0,
     0,
     0,
     0,
     0,
     0,
     0,
     0,
     0,
     0,
     0,
     0,
     0,
     0,
     0,
     0,
     0,
     0,
     0,
     0,
     0,
     0,
     0,
     0,
     0,
     0,
     0,
     0,
     0,
     0,
     0,
     0,
     0,
     0,
     0,
     0,
     0,
     0,
     0,
     0,
     0,
     0,
     0,
     0,
     0,
     0,
     0,
     0,
     0,
     0,
     0,
     0,
     0,
     0,
     0,
     0,
     0,
     0,
     0,
     0,
     0,
     0,
     0,
     0,
     0,
     0,
     0,
     0,
     0,
     0,
     0,
     0,
     0,
     0,
     0,
     0,
     0,
     0,
     0,
     0,
     0,
     0,
     0,
     0,
     0,
     0,
     0,
     0,
     0,
     0,
     0,
     0,
     0,
     0,
     0,
     0,
     0,
     0,
     0,
     0,
     0,
     0,
     0,
     0,
     0,
     0,
     0,
     0,
     0,
     0,
     0,
     0,
     0,
     0,
     0,
     0,
     0,
     0,
     0,
     0,
     0,
     0,
     0,
     0,
     0,
     156,
     158,
     0,
     157,
     0,
     0,
     0,
     0,
     0,
     0,
     0,
     0,
     0,
     0,
     0,
     0,
     0,
     0,
     0,
     0,
     0,
     0,
     158,
     0,
     156,
     0,
     0,
     0,
     0,
     0,
     0,
     0,
     0,
     0,
     0,
     0,
     0,
     0,
     0,
     0,
     0,
     0,
     0,
     0,
     0,
     0,
     0,
     0,
     0,
     0,
     0,
     164,
     166,
     167,
     165,
     0,
     0,
     0,
     0,
     0,
     0,
     0,
     0,
     0,
     0,
     0,
     0,
     0,
     0,
     0,
     0,
     0,
     0,
     166,
     167,
     164,
     0,
     0,
     167,
     0,
     0,
     0,
     0,
     0,
     0,
     0,
     0,
     0,
     0,
     0,
     0,
     0,
     0,
     0,
     0,
     108,
     0,
     0,
     0,
     0,
     0,
     0,
     0,
     0,
     0,
     0,
     0,
     0,
     0,
     0,
     0,
     0,
     0,
     0,
     0,
     0,
     0,
     0,
     0,
     0,
     0,
     0,
     0,
     108,
     108,
     0,
     0,
     0,
     0,
     0,
     0,
     0,
     0,
     0,
     0,
     0,
     0,
     0,
     0,
     0,
     0,
     0,
     0,
     0,
     0,
     157,
     0,
     0,
     0,
     0,
     0,
     0,
     0,
     0,
     0,
     0,
     108,
     0,
     0,
     0,
     0,
     0,
     0,
     0,
     0,
     0,
     0,
     0,
     0,
     0,
     0,
     0,
     0,
     0,
     0,
     0,
     0,
     0,
     0,
     0,
     0,
     0,
     0,
     0,
     158,
     0,
     0,
     156,
     0,
     0,
     0,
     0,
     0,
     0,
     0,
     0,
     165,
     0,
     0,
     0,
     0,
     0,
     0,
     0,
     0,
     0,
     0,
     0,
     0,
     0,
     0,
     0,
     0,
     0,
     0,
     0,
     0,
     0,
     0,
     0,
     0,
     0,
     0,
     0,
     0,
     0,
     0,
     0,
     0,
     0,
     0,
     0,
     0,
     167,
     0,
     166,
     0,
     0,
     164,
     0,
     0,
     0,
     0,
     0,
     0,
     108,
     0,
     0,
     0,
     108,
     0,
     0,
     0,
     0,
     0,
     0,
     0,
     0,
     108,
     0,
     108,
     0,
     0,
     0,
     0,
     0,
     0,
     0,
     0,
     0,
     0,
     0,
     0,
     0,
     0,
     0,
     0,
     0,
     0,
     0,
     0,
     0,
     0,
     0,
     0,
     0,
     0,
     0,
     0,
     0,
     0,
     0,
     0,
     0,
     0,
     0,
     0,
     0,
     0,
     0,
     0,
     0,
     0,
     0,
     0,
     0,
     0,
     0,
     0,
     0,
     0,
     108,
     310,
     0,
     0,
     0,
     0,
     0,
     0,
     0,
     0,
     0,
     0,
     0,
     310,
     0,
     0,
     0,
     0,
     0,
     0,
     0,
     0,
     0,
     0,
     0,
     0,
     0,
     0,
     0,
     108,
     0,
     0,
     0,
     0,
     0,
     0,
     0,
     0,
     0,
     0,
     0,
     0,
     0,
     0,
     0,
     0,
     0,
     0,
     0,
     0,
     0,
     0,
     0,
     0,
     0,
     0,
     0,
     0,
     0,
     0,
     108,
     0,
     0,
     0,
     0,
     0,
     0,
     0,
     0,
     0,
     0,
     0,
     0,
     0,
     0,
     0,
     0,
     0,
     108,
     0,
     0,
     0,
     0,
     0,
     0,
     0,
     0,
     0,
     0,
     0,
     0,
     0,
     0,
     0,
     0,
     108,
     0,
     0,
     108,
     156,
     286,
     157,
     0,
     286,
     0,
     158,
     286,
     0,
     0,
     0,
     108,
     0,
     0,
     0,
     157,
     286,
     0,
     158,
     286,
     0,
     0,
     286,
     108,
     0,
     157,
     0,
     0,
     0,
     0,
     0,
     0,
     0,
     0,
     0,
     0,
     0,
     0,
     0,
     0,
     0,
     0,
     0,
     0,
     0,
     0,
     0,
     108,
     0,
     0,
     108,
     164,
     294,
     165,
     0,
     294,
     0,
     166,
     294,
     0,
     0,
     0,
     0,
     0,
     0,
     0,
     165,
     294,
     0,
     166,
     294,
     167,
     0,
     294,
     0,
     108,
     165,
     0,
     0,
     0,
     0,
     0,
     0,
     0,
     0,
     0,
     0,
     0,
     0,
     0,
     0,
     0,
     0,
     0,
     108,
     0,
     0,
     108,
     0,
     0,
     108,
     0,
     0,
     302,
     0,
     0,
     302,
     0,
     0,
     302,
     0,
     0,
     0,
     0,
     0,
     0,
     0,
     0,
     302,
     0,
     0,
     302,
     0,
     0,
     302,
     0,
     0,
     0,
     0,
     0,
     0,
     108,
     0,
     0,
     0,
     0,
     0,
     0,
     0,
     0,
     0,
     0,
     0,
     0,
     0,
     0,
     0,
     0,
     0,
     0,
     0,
     0,
     0,
     0,
     0,
     0,
     0,
     0,
     0,
     0,
     0,
     0,
     0,
     0,
     0,
     0,
     0,
     0,
     0,
     0,
     0,
     0,
     0,
     0,
     0,
     0,
     0,
     0,
     0,
     0,
     0,
     0,
     0,
     0,
     0,
     0,
     0,
     0,
     0,
     0,
     0,
     0,
     0,
     0,
     0,
     0,
     0,
     0,
     0,
     0,
     0,
     0,
     0,
     0,
     0,
     0,
     0,
     0,
     0,
     0,
     0,
     0,
     0,
     0,
     0,
     0,
     0,
     0,
     0,
     0,
     0,
     0,
     0,
     0,
     0,
     0,
     0,
     0,
     0,
     0,
     0,
     0,
     0,
     0,
     0,
     0,
     0,
     0,
     0,
     0,
     0,
     0,
     0,
     0,
     0,
     0,
     157,
     6,
     0,
     0,
     0,
     0,
     0,
     0,
     144,
     0,
     157,
     0,
     0,
     0,
     0,
     0,
     0,
     0,
     0,
     0,
     0,
     0,
     0,
     0,
     0,
     0,
     157,
     0,
     0,
     0,
     0,
     0,
     0,
     0,
     0,
     0,
     157,
     0,
     0,
     0,
     0,
     0,
     0,
     0,
     0,
     0,
     0,
     0,
     167,
     0,
     0,
     165,
     14,
     0,
     0,
     0,
     0,
     0,
     0,
     0,
     0,
     165,
     0,
     0,
     0,
     0,
     0,
     0,
     0,
     0,
     0,
     0,
     0,
     0,
     0,
     0,
     0,
     165,
     0,
     0,
     0,
     0,
     0,
     0,
     0,
     0,
     0,
     165,
     0,
     0,
     0,
     0,
     0,
     0,
     0,
     0,
     0,
     0,
     0,
     0,
     0,
     0,
     108,
     22,
     108,
     0,
     0,
     0,
     0,
     0,
     0,
     0,
     0,
     0,
     0,
     0,
     0,
     156,
     156,
     0,
     0,
     0,
     0,
     0,
     157,
     0,
     0,
     0,
     0,
     0,
     0,
     0,
     0,
     0,
     0,
     0,
     0,
     0,
     0,
     108,
     0,
     0,
     0,
     0,
     0,
     0,
     0,
     0,
     0,
     0,
     0,
     0,
     0,
     0,
     0,
     0,
     0,
     0,
     0,
     0,
     0,
     0,
     0,
     0,
     0,
     0,
     0,
     157,
     164,
     164,
     0,
     0,
     0,
     0,
     0,
     165,
     0,
     0,
     0,
     0,
     0,
     0,
     0,
     108,
     0,
     0,
     0,
     0,
     0,
     0,
     0,
     0,
     0,
     0,
     0,
     0,
     0,
     0,
     0,
     0,
     0,
     0,
     0,
     0,
     0,
     0,
     0,
     0,
     0,
     0,
     0,
     0,
     0,
     0,
     0,
     0,
     0,
     108,
     165,
     0,
     0,
     0,
     0,
     0,
     0,
     108,
     108,
     0,
     0,
     0,
     0,
     0,
     0,
     0,
     108,
     0,
     0,
     0,
     0,
     0,
     0,
     0,
     0,
     0,
     0,
     108,
     0,
     0,
     0,
     0,
     0,
     0,
     0,
     0,
     0,
     0,
     0,
     0,
     0,
     108,
     0,
     0,
     0,
     0,
     0,
     0,
     0,
     0,
     0,
     108,
     0,
     0,
     0,
     0,
     0,
     0,
     0,
     0,
     0,
     0,
     0,
     0,
     0,
     0,
     0,
     0,
     0,
     0,
     0,
     0,
     0,
     0,
     0,
     0,
     0,
     0,
     0,
     0,
     0,
     0,
     0,
     0,
     0,
     0,
     0,
     0,
     0,
     0,
     0,
     0,
     0,
     0,
     0,
     0,
     0,
     0,
     0,
     0,
     0,
     0,
     0,
     0,
     0,
     195,
     0,
     0,
     0,
     195,
     0,
     0,
     0,
     0,
     0,
     0,
     0,
     0,
     0,
     0,
     108,
     0,
     0,
     0,
     0,
     0,
     0,
     0,
     0,
     0,
     0,
     0,
     0,
     0,
     0,
     0,
     0,
     0,
     0,
     0,
     0,
     0,
     0,
     0,
     0,
     0,
     0,
     0,
     0,
     0,
     0,
     0,
     108,
     0,
     0,
     0,
     0,
     0,
     0,
     0,
     0,
     0,
     0,
     0,
     0,
     0,
     0,
     0,
     0,
     108,
     0,
     108,
     0,
     0,
     0,
     0,
     0,
     0,
     0,
     108,
     0,
     0,
     0,
     0,
     0,
     0,
     0,
     0,
     0,
     0,
     0,
     0,
     0,
     0,
     0,
     0,
     0,
     0,
     0,
     0,
     0,
     0,
     0,
     0,
     0,
     0,
     0,
     0,
     0,
     0,
     0,
     0,
     0,
     0,
     0,
     0,
     0,
     0,
     0,
     0,
     0,
     0,
     0,
     0,
     0,
     0,
     0,
     0,
     0,
     0,
     0,
     0,
     0,
     0,
     0,
     0,
     0,
     0,
     0,
     0,
     0,
     0,
     0,
     0,
     0,
     0,
     0,
     0,
     0,
     0,
     0,
     0,
     0,
     0,
     0,
     0,
     0,
     0,
     0,
     0,
     0,
     0,
     0,
     0,
     0,
     0,
     0,
     0,
     0,
     0,
     0,
     0,
     0,
     0,
     0,
     0,
     0,
     0,
     0,
     0,
     0,
     0,
     0,
     0,
     0,
     0,
     0,
     0,
     286,
     156,
     286,
     0,
     262,
     157,
     286,
     156,
     286,
     158,
     262,
     156,
     286,
     157,
     286,
     158,
     262,
     0,
     0,
     0,
     0,
     0,
     0,
     0,
     0,
     0,
     0,
     0,
     0,
     0,
     262,
     0,
     286,
     156,
     286,
     158,
     262,
     157,
     286,
     156,
     262,
     167,
     286,
     157,
     286,
     156,
     262,
     0,
     0,
     0,
     0,
     294,
     164,
     294,
     167,
     270,
     165,
     294,
     164,
     294,
     166,
     270,
     164,
     294,
     165,
     294,
     166,
     270,
     167,
     0,
     0,
     0,
     0,
     0,
     0,
     0,
     0,
     0,
     0,
     0,
     0,
     270,
     167,
     294,
     164,
     294,
     166,
     270,
     165,
     294,
     164,
     270,
     0,
     294,
     165,
     294,
     164,
     270,
     0,
     0,
     0,
     0,
     302,
     0,
     302,
     0,
     278,
     0,
     302,
     0,
     302,
     0,
     278,
     0,
     302,
     0,
     302,
     0,
     278,
     0,
     0,
     286,
     157,
     286,
     0,
     0,
     156,
     286,
     156,
     262,
     0,
     0,
     278,
     0,
     302,
     0,
     302,
     0,
     278,
     0,
     302,
     0,
     278,
     0,
     302,
     0,
     302,
     0,
     278,
     0,
     0,
     0,
     0,
     0,
     0,
     0,
     0,
     0,
     0,
     0,
     0,
     0,
     0,
     0,
     0,
     0,
     0,
     0,
     0,
     0,
     0,
     0,
     294,
     165,
     294,
     167,
     0,
     164,
     294,
     164,
     270,
     0,
     0,
     0,
     0,
     0,
     0,
     0,
     0,
     0,
     0,
     0,
     0,
     0,
     0,
     0,
     0,
     0,
     0,
     0,
     0,
     0,
     0,
     0,
     0,
     0,
     0,
     0,
     0,
     0,
     0,
     0,
     0,
     0,
     0,
     0,
     0,
     0,
     0,
     0,
     0,
     0,
     0,
     302,
     0,
     302,
     0,
     0,
     0,
     302,
     0,
     278,
     0,
     0,
     0,
     0,
     0,
     0,
     0,
     0,
     0,
     0,
     0,
     0,
     0,
     0,
     0,
     0,
     0,
     0,
     0,
     0,
     0,
     0,
     0,
     0,
     0,
     0,
     0,
     0,
     0,
     0,
     0,
     0,
     0,
     0,
     0,
     0,
     0,
     0,
     0,
     0,
     0,
     0,
     0,
     0,
     0,
     0,
     0,
     0,
     0,
     0,
     0,
     0,
     0,
     0,
     0,
     0,
     0,
     0,
     0,
     0,
     0,
     0,
     0,
     0,
     0,
     0,
     0,
     0,
     0,
     0,
     0,
     0,
     0,
     0,
     0,
     0,
     0,
     0,
     0,
     0,
     0,
     0,
     0,
     0,
     0,
     0,
     0,
     0,
     0,
     0,
     0,
     0,
     0,
     0,
     0,
     0,
     0,
     0,
     0,
     0,
     0,
     0,
     0,
     0,
     0,
     0,
     0,
     0,
     0,
     0,
     0,
     0,
     0,
     0,
     0,
     0,
     0,
     0,
     0,
     0,
     0,
     0,
     0,
     0,
     0,
     0,
     0,
     0,
     0,
     0,
     0,
     0,
     0,
     0,
     0,
     0,
     0,
     0,
     0,
     0,
     0,
     0,
     0,
     0,
     0,
     0,
     0,
     0,
     0,
     0,
     0,
     0,
     0,
     0,
     0,
     0,
     0,
     0,
     0,
     0,
     0,
     0,
     0,
     0,
     0,
     0,
     0,
     0,
     0,
     0,
     0,
     0,
     0,
     0,
     0,
     0,
     0,
     0,
     0,
     0,
     0,
     0,
     0,
     0,
     0,
     0,
     0,
     0,
     0,
     0,
     0,
     0,
     0,
     0,
     0,
     0,
     0,
     0,
     0,
     0,
     0,
     0,
     0,
     0,
     0,
     0,
     0,
     0,
     0,
     0,
     0,
     0,
     0,
     0,
     0,
     0,
     0,
     0,
     0,
     0,
     0,
     0,
     0,
     0,
     0,
     0,
     0,
     0,
     0,
     5,
     0,
     0,
     0,
     0,
     0,
     0,
     0,
     0,
     0,
     0,
     0,
     0,
     0,
     0,
     0,
     0,
     0,
     0,
     0,
     0,
     0,
     0,
     0,
     0,
     0,
     0,
     5,
     0,
     0,
     0,
     0,
     0,
     0,
     0,
     0,
     0,
     0,
     5,
     0,
     0,
     0,
     0,
     0,
     0,
     5,
     0,
     0,
     0,
     0,
     0,
     5,
     0,
     0,
     0,
     0,
     0,
     0,
     0,
     0,
     0,
     0,
     0,
     0,
     0,
     0,
     0,
     0,
     0,
     0,
     0,
     0,
     0,
     0,
     0,
     0,
     0,
     0,
     5,
     0,
     0,
     0,
     0,
     0,
     0,
     0,
     0,
     0,
     0,
     0,
     0,
     5,
     0,
     0,
     0,
     0,
     5,
     0,
     0,
     0,
     0,
     5,
     0,
     0,
     0,
     0,
     0,
     0,
     0,
     0,
     0,
     0,
     5,
     0,
     0,
     0,
     0,
     0,
     0,
     0,
     0,
     0,
     0,
     0,
     5,
     0,
     0,
     0,
     0,
     0,
     0,
     0,
     0,
     0,
     0,
     0,
     5,
     0,
     0,
     0,
     0,
     0,
     0,
     0,
     0,
     0,
     0,
     5,
     0,
     0,
     0,
     0,
     5,
     0,
     0,
     0,
     0,
     0,
     0,
     0,
     0,
     0,
     0,
     5,
     0,
     0,
     0,
     0,
     0,
     0,
     0,
     0,
     0,
     0,
     0,
     5,
     0,
     0,
     0,
     0,
     0,
     0,
     0,
     0,
     0,
     0,
     0,
     5,
     0,
     0,
     0,
     0,
     0,
     0,
     0,
     0,
     0,
     0,
     5,
     0,
     0,
     0,
     0,
     5,
     0,
     0,
     0,
     0,
     0,
     0,
     0,
     0,
     0,
     0,
     5,
     0,
     0,
     0,
     0,
     0,
     0,
     0,
     0,
     0,
     0,
     0,
     5,
     0,
     0,
     0,
     0,
     0,
     0,
     0,
     0,
     0,
     0,
     0,
     5,
     0,
     0,
     0,
     0,
     0,
     0,
     0,
     0,
     0,
     0,
     5,
     0,
     0,
     0,
     0,
     5,
     0,
     0,
     0,
     0,
     0,
     0,
     0,
     0,
     0,
     0,
     5,
     0,
     0,
     0,
     0,
     0,
     0,
     0,
     0,
     0,
     0,
     0,
     0,
     0,
     0,
     0,
     0,
     0,
     0,
     0,
     0,
     0,
     0,
     0,
     5,
     0,
     0,
     0,
     0,
     0,
     0,
     0,
     0,
     0,
     0,
     5,
     0,
     0,
     0,
     0,
     5,
     0,
     0,
     0,
     0,
     0,
     0,
     0,
     0,
     0,
     0,
     5,
     0,
     0,
     0,
     0,
     0,
     0,
     0,
     0,
     0,
     0,
     0,
     0,
     0,
     0,
     0,
     0,
     0,
     0,
     0,
     5,
     0,
     0,
     0,
     5,
     0,
     0,
     0,
     0,
     0,
     0,
     0,
     0,
     0,
     0,
     5,
     0,
     0,
     0,
     0,
     5,
     0,
     0,
     0,
     0,
     0,
     0,
     0,
     0,
     0,
     0,
     5,
     0,
     0,
     0,
     0,
     0,
     0,
     0,
     0,
     0,
     0,
     0,
     0,
     0,
     0,
     0,
     0,
     0,
     0,
     0,
     5,
     0,
     0,
     0,
     5,
     0,
     0,
     0,
     0,
     0,
     0,
     0,
     0,
     0,
     0,
     5,
     0,
     0,
     0,
     0,
     5,
     0,
     0,
     0,
     0,
     0,
     0,
     0,
     0,
     0,
     0,
     5,
     0,
     0,
     0,
     0,
     0,
     0,
     0,
     0,
     0,
     0,
     0,
     0,
     0,
     0,
     0,
     0,
     0,
     0,
     0,
     5,
     0,
     0,
     0,
     5,
     0,
     0,
     0,
     0,
     0,
     0,
     0,
     0,
     0,
     0,
     5,
     0,
     0,
     0,
     0,
     5,
     0,
     0,
     0,
     0,
     0,
     0,
     0,
     0,
     0,
     0,
     5,
     0,
     0,
     0,
     0,
     0,
     0,
     0,
     0,
     0,
     0,
     0,
     0,
     0,
     0,
     0,
     0,
     0,
     0,
     0,
     5,
     0,
     0,
     0,
     5,
     0,
     0,
     0,
     0,
     0,
     0,
     0,
     0,
     0,
     0,
     5,
     0,
     0,
     0,
     0,
     0,
     0,
     0,
     0,
     0,
     0,
     0,
     0,
     0,
     0,
     0,
     0,
     0,
     0,
     0,
     0,
     0,
     0,
     0,
     0,
     0,
     0,
     0,
     0,
     0,
     0,
     0,
     0,
     0,
     0,
     0,
     5,
     0,
     0,
     0,
     0,
     0,
     0,
     0,
     0,
     0,
     0,
     0,
     0,
     0,
     0,
     5,
     0,
     0,
     0,
     0,
     0,
     5,
     0,
     0,
     0,
     0,
     0,
     0,
     0,
     0,
     0,
     0,
     5,
     0,
     0,
     0,
     0,
     0,
     0,
     0,
     0,
     0,
     0,
     0,
     0,
     0,
     0,
     0,
     0,
     0,
     0,
     0,
     0,
     0,
     0,
     0,
     5,
     0,
     0,
     5,
     0,
     0,
     0,
     0,
     0,
     0,
     5,
     0,
     0,
     0,
     0,
     0,
     5,
     0,
     0,
     0,
     0,
     0,
     0,
     0,
     0,
     0,
     0,
     5,
     0,
     0,
     0,
     0,
     0,
     0,
     0,
     0,
     0,
     0,
     0,
     0,
     0,
     0,
     0,
     0,
     0,
     0,
     0,
     5,
     0,
     0,
     0,
     0,
     0,
     0,
     0,
     5,
     0,
     0,
     0,
     0,
     0,
     5,
     0,
     0,
     0,
     0,
     5,
     0,
     0,
     0,
     0,
     0,
     0,
     0,
     0,
     0,
     0,
     5,
     0,
     0,
     0,
     0,
     0,
     0,
     0,
     0,
     0,
     0,
     0,
     0,
     0,
     0,
     0,
     0,
     0,
     0,
     0,
     0,
     0,
     0,
     0,
     5,
     0,
     0,
     0,
     0,
     0,
     0,
     0,
     0,
     0,
     0,
     5,
     0,
     0,
     0,
     0,
     5,
     0,
     0,
     0,
     0,
     0,
     0,
     0,
     0,
     0,
     0,
     5,
     0,
     0,
     0,
     0,
     0,
     0,
     0,
     0,
     0,
     0,
     0,
     0,
     0,
     0,
     0,
     0,
     0,
     0,
     0,
     0,
     0,
     0,
     0,
     5,
     0,
     0,
     0,
     0,
     0,
     0,
     0,
     0,
     0,
     0,
     5,
     0,
     0,
     0,
     0,
     5,
     0,
     0,
     0,
     0,
     0,
     0,
     0,
     0,
     0,
     0,
     5,
     0,
     0,
     0,
     0,
     0,
     0,
     0,
     0,
     0,
     0,
     0,
     0,
     0,
     0,
     0,
     0,
     0,
     0,
     0,
     0,
     0,
     0,
     0,
     0,
     0,
     0,
     0,
     0,
     0,
     0,
     0,
     0,
     0,
     0,
     5,
     0,
     0,
     0,
     0,
     5,
     0,
     0,
     0,
     0,
     0,
     0,
     0,
     0,
     0,
     0,
     5,
     0,
     0,
     0,
     0,
     0,
     0,
     0,
     0,
     0,
     0,
     0,
     0,
     0,
     0,
     0,
     0,
     0,
     0,
     0,
     0,
     0,
     0,
     0,
     0,
     0,
     0,
     0,
     0,
     0,
     0,
     0,
     0,
     0,
     0,
     5,
     0,
     0,
     0,
     0,
     5,
     0,
     0,
     0,
     0,
     0,
     0,
     0,
     0,
     0,
     0,
     0,
     0,
     0,
     0,
     0,
     0,
     0,
     0,
     0,
     0,
     0,
     0,
     0,
     0,
     0,
     0,
     0,
     0,
     0,
     0,
     0,
     0,
     0,
     0,
     0,
     0,
     0,
     0,
     0,
     0,
     0,
     0,
     0,
     0,
     0,
     5,
     0,
     0,
     0,
     0,
     5,
     0,
     0,
     0,
     0,
     0,
     0,
     0,
     0,
     0,
     0,
     0,
     0,
     0,
     0,
     5,
     0,
     0,
     0,
     0,
     0,
     0,
     0,
     0,
     0,
     0,
     0,
     0,
     0,
     0,
     0,
     0,
     0,
     0,
     0,
     0,
     5,
     0,
     0,
     5,
     0,
     0,
     0,
     0,
     0,
     0,
     5,
     0,
     0,
     0,
     0,
     5,
     0,
     0,
     0,
     0,
     0,
     0,
     5,
     0,
     0,
     0,
     0,
     0,
     0,
     0,
     5,
     0,
     0,
     0,
     0,
     0,
     0,
     0,
     0,
     0,
     0,
     0,
     0,
     0,
     0,
     0,
     0,
     0,
     0,
     0,
     0,
     5,
     0,
     0,
     5,
     0,
     0,
     0,
     0,
     0,
     0,
     5,
     0,
     0,
     0,
     0,
     0,
     0,
     0,
     0,
     0,
     0,
     0,
     5,
     0,
     0,
     0,
     0,
     0,
     0,
     0,
     5,
     0,
     0,
     0,
     0,
     0,
     0,
     0,
     0,
     0,
     0,
     0,
     0,
     0,
     0,
     0,
     5,
     0,
     0,
     0,
     0,
     0,
     0,
     0,
     0,
     0,
     0,
     0,
     0,
     0,
     0,
     5,
     0,
     0,
     0,
     0,
     0,
     5,
     0,
     5,
     0,
     0,
     0,
     5,
     0,
     0,
     0,
     0,
     0,
     0,
     0,
     5,
     0,
     0,
     0,
     0,
     0,
     0,
     0,
     0,
     0,
     0,
     0,
     0,
     0,
     0,
     0,
     5,
     0,
     0,
     0,
     0,
     0,
     0,
     0,
     0,
     5,
     0,
     0,
     5,
     0,
     0,
     5,
     0,
     0,
     0,
     0,
     0,
     0,
     0,
     0,
     0,
     0,
     0,
     5,
     0,
     0,
     0,
     0,
     0,
     0,
     0,
     0,
     0,
     0,
     0,
     0,
     0,
     0,
     0,
     0,
     0,
     0,
     0,
     0,
     0,
     0,
     0,
     5,
     0,
     0,
     0,
     0,
     0,
     0,
     0,
     0,
     0,
     0,
     0,
     0,
     0,
     0,
     5,
     0,
     0,
     0,
     0,
     5,
     0,
     0,
     0,
     0,
     0,
     0,
     5,
     0,
     0,
     0,
     0,
     0,
     0,
     0,
     0,
     0,
     0,
     0,
     0,
     0,
     0,
     0,
     0,
     0,
     0,
     0,
     0,
     0,
     0,
     0,
     5,
     0,
     0,
     0,
     0,
     0,
     0,
     0,
     5,
     0,
     0,
     0,
     0,
     0,
     0,
     5,
     0,
     0,
     0,
     0,
     5,
     0,
     0,
     0,
     0,
     0,
     0,
     5,
     0,
     0,
     0,
     0,
     0,
     0,
     0,
     5,
     0,
     0,
     0,
     0,
     0,
     0,
     0,
     0,
     0,
     0,
     0,
     0,
     0,
     0,
     0,
     5,
     0,
     0,
     0,
     0,
     0,
     0,
     0,
     5,
     0,
     0,
     0,
     0,
     0,
     0,
     5,
     0,
     0,
     0,
     0,
     5,
     0,
     0,
     0,
     0,
     0,
     0,
     0,
     0,
     0,
     0,
     0,
     0,
     0,
     0,
     0,
     0,
     0,
     0,
     0,
     0,
     0,
     0,
     0,
     0,
     0,
     0,
     0,
     0,
     0,
     0,
     0,
     0,
     0,
     0,
     0,
     0,
     0,
     0,
     5,
     0,
     0,
     0,
     0,
     0,
     0,
     5,
     0,
     0,
     0,
     0,
     5,
     0,
     0,
     0,
     0,
     0,
     0,
     0,
     5,
     0,
     0,
     0,
     0,
     0,
     0,
     0,
     0,
     0,
     0,
     0,
     0,
     5,
     0,
     0,
     0,
     0,
     0,
     0,
     0,
     0,
     0,
     0,
     5,
     0,
     0,
     5,
     0,
     0,
     0,
     5,
     0,
     0,
     0,
     0,
     0,
     0,
     5,
     0,
     0,
     0,
     0,
     5,
     0,
     0,
     0,
     0,
     0,
     0,
     0,
     5,
     0,
     0,
     0,
     0,
     0,
     0,
     0,
     0,
     0,
     0,
     0,
     0,
     5,
     0,
     0,
     0,
     0,
     0,
     0,
     0,
     0,
     0,
     0,
     0,
     0,
     0,
     5,
     0,
     0,
     0,
     5,
     0,
     0,
     0,
     0,
     0,
     0,
     5,
     0,
     0,
     0,
     0,
     5,
     0,
     0,
     0,
     0,
     0,
     0,
     5,
     0,
     0,
     0,
     0,
     0,
     0,
     0,
     0,
     0,
     0,
     0,
     0,
     0,
     0,
     0,
     0,
     0,
     0,
     0,
     0,
     0,
     0,
     0,
     0,
     0,
     0,
     0,
     0,
     0,
     0,
     0,
     5,
     0,
     0,
     0,
     0,
     0,
     0,
     5,
     0,
     0,
     0,
     0,
     5,
     0,
     0,
     0,
     0,
     0,
     0,
     5,
     0,
     0,
     0,
     0,
     0,
     0,
     0,
     0,
     0,
     0,
     0,
     0,
     0,
     0,
     0,
     0,
     0,
     0,
     0,
     0,
     0,
     0,
     0,
     0,
     0,
     0,
     0,
     0,
     0,
     0,
     0,
     5,
     0,
     0,
     0,
     0,
     0,
     0,
     5,
     0,
     0,
     0,
     0,
     0,
     0,
     0,
     0,
     0,
     0,
     0,
     5,
     0,
     0,
     0,
     0,
     0,
     0,
     0,
     0,
     0,
     0,
     0,
     0,
     0,
     0,
     0,
     0,
     0,
     0,
     0,
     0,
     0,
     0,
     0,
     0,
     0,
     0,
     0,
     0,
     0,
     0,
     0,
     0,
     0,
     0,
     0,
     0,
     0,
     0,
     5,
     0,
     0,
     0,
     0,
     0,
     5,
     0,
     0,
     0,
     0,
     0,
     5,
     0,
     0,
     0,
     0,
     5,
     0,
     0,
     5,
     0,
     0,
     5,
     0,
     0,
     0,
     0,
     0,
     0,
     0,
     0,
     0,
     0,
     0,
     5,
     0,
     0,
     0,
     0,
     0,
     0,
     0,
     0,
     0,
     5,
     0,
     0,
     5,
     0,
     0,
     5,
     0,
     0,
     0,
     0,
     0,
     5,
     0,
     0,
     0,
     0,
     0,
     5,
     0,
     0,
     0,
     0,
     0,
     0,
     0,
     0,
     0,
     0,
     0,
     0,
     0,
     0,
     0,
     0,
     0,
     0,
     0,
     0,
     0,
     0,
     0,
     0,
     5,
     0,
     0,
     0,
     0,
     0,
     0,
     0,
     0,
     0,
     0,
     5,
     0,
     0,
     5,
     0,
     0,
     0,
     0,
     5,
     0,
     0,
     0,
     0,
     0,
     0,
     5,
     0,
     0,
     0,
     5,
     0,
     0,
     0,
     0,
     0,
     0,
     0,
     0,
     0,
     5,
     0,
     0,
     0,
     0,
     0,
     0,
     5,
     0,
     0,
     0,
     0,
     0,
     0,
     0,
     0,
     0,
     0,
     5,
     0,
     0,
     0,
     0,
     0,
     0,
     5,
     0,
     0,
     0,
     0,
     5,
     0,
     0,
     0,
     0,
     0,
     0,
     5,
     0,
     0,
     0,
     5,
     0,
     0,
     0,
     0,
     0,
     0,
     0,
     0,
     0,
     5,
     0,
     0,
     0,
     0,
     0,
     0,
     5,
     0,
     0,
     0,
     0,
     0,
     0,
     0,
     0,
     0,
     0,
     5,
     0,
     0,
     0,
     0,
     0,
     0,
     5,
     0,
     0,
     0,
     0,
     5,
     0,
     0,
     0,
     0,
     0,
     0,
     5,
     0,
     0,
     0,
     5,
     0,
     0,
     0,
     0,
     0,
     0,
     5,
     0,
     0,
     0,
     0,
     0,
     0,
     0,
     0,
     0,
     5,
     0,
     0,
     0,
     0,
     0,
     0,
     0,
     0,
     0,
     0,
     5,
     0,
     0,
     0,
     0,
     0,
     0,
     5,
     0,
     0,
     0,
     0,
     5,
     0,
     0,
     0,
     0,
     0,
     0,
     5,
     0,
     0,
     0,
     5,
     0,
     0,
     0,
     0,
     0,
     0,
     0,
     0,
     0,
     0,
     0,
     0,
     0,
     0,
     0,
     0,
     5,
     0,
     0,
     0,
     0,
     0,
     0,
     0,
     0,
     0,
     0,
     5,
     0,
     0,
     0,
     0,
     0,
     0,
     5,
     0,
     0,
     0,
     0,
     5,
     0,
     0,
     0,
     0,
     0,
     0,
     0,
     0,
     0,
     0,
     0,
     0,
     0,
     0,
     0,
     0,
     0,
     0,
     0,
     0,
     0,
     0,
     0,
     0,
     0,
     0,
     0,
     5,
     0,
     0,
     0,
     0,
     0,
     0,
     0,
     0,
     0,
     0,
     0,
     0,
     0,
     0,
     0,
     0,
     0,
     5,
     0,
     0,
     0,
     0,
     5,
     0,
     0,
     0,
     0,
     0,
     0,
     0,
     0,
     0,
     0,
     0,
     0,
     0,
     0,
     0,
     0,
     0,
     0,
     0,
     0,
     0,
     0,
     0,
     0,
     0,
     0,
     0,
     5,
     0,
     0,
     0,
     0,
     0,
     0,
     0,
     0,
     0,
     0,
     0,
     0,
     0,
     0,
     0,
     0,
     0,
     5,
     0,
     0,
     0,
     0,
     5,
     0,
     0,
     0,
     0,
     0,
     0,
     5,
     0,
     0,
     0,
     5,
     0,
     0,
     0,
     0,
     0,
     0,
     5,
     0,
     0,
     0,
     0,
     0,
     0,
     0,
     0,
     0,
     5,
     0,
     0,
     0,
     0,
     0,
     0,
     5,
     0,
     0,
     0,
     5,
     0,
     0,
     0,
     0,
     0,
     0,
     5,
     0,
     0,
     0,
     0,
     0,
     0,
     0,
     0,
     0,
     0,
     0,
     0,
     0,
     0,
     0,
     0,
     0,
     0,
     0,
     0,
     0,
     0,
     5,
     0,
     0,
     0,
     0,
     0,
     0,
     0,
     0,
     0,
     0,
     0,
     0,
     0,
     0,
     0,
     0,
     0,
     0,
     0,
     0,
     0,
     0,
     0,
     0,
     0,
     0,
     0,
     5,
     0,
     0,
     0,
     0,
     0,
     0,
     0,
     0,
     0,
     0,
     0,
     0,
     0,
     0,
     0,
     0,
     0,
     0,
     0,
     0,
     0,
     0,
     5,
     0,
     0,
     0,
     0,
     0,
     0,
     0,
     0,
     0,
     0,
     0,
     0,
     0,
     0,
     0,
     0,
     0,
     0,
     0,
     0,
     0,
     0,
     0,
     0,
     0,
     0,
     0,
     5,
     0,
     0,
     0,
     0,
     0,
     0,
     0,
     0,
     0,
     0,
     0,
     0,
     0,
     0,
     0,
     0,
     0,
     0,
     0,
     0,
     0,
     0,
     0,
     0,
     0,
     0,
     0,
     0,
     0,
     0,
     0,
     0,
     0,
     0,
     0,
     0,
     0,
     0,
     0,
     0,
     0,
     0,
     0,
     0,
     0,
     0,
     0,
     0,
     0,
     0,
     5,
     0,
     0,
     0,
     0,
     0,
     0,
     0,
     0,
     0,
     0,
     0,
     0,
     0,
     0,
     0,
     0,
     0,
     0,
     0,
     0,
     0,
     0,
     0,
     0,
     0,
     0,
     5,
     0,
     0,
     0,
     0,
     0,
     5,
     0,
     0,
     0,
     0,
     0,
     0,
     0,
     0,
     0,
     0,
     0,
     0,
     0,
     0,
     0,
     0,
     0,
     0,
     0,
     0,
     0,
     0,
     0,
     0,
     0,
     0,
     0,
     0,
     0,
     0,
     0,
     0,
     0,
     0,
     0,
     0,
     0,
     0,
     0,
     0,
     0,
     0,
     0,
     0,
     5,
     0,
     0,
     0,
     0,
     0,
     5,
     0,
     0,
     0,
     0,
     0,
     0,
     0,
     0,
     0,
     0,
     0,
     0,
     0,
     0,
     0,
     0,
     0,
     0,
     0,
     0,
     0,
     0,
     0,
     0,
     0,
     0,
     0,
     0,
     0,
     0,
     0,
     0,
     0,
     0,
     0,
     0,
     0,
     0,
     0,
     0,
     0,
     0,
     0,
     0,
     0,
     0,
     0,
     0,
     0,
     0,
     0,
     0,
     0,
     0,
     0,
     0,
     0,
     0,
     0,
     0,
     0,
     0,
     0,
     0,
     0,
     0,
     0,
     0,
     0,
     0,
     0,
     0,
     0,
     0,
     0,
     0,
     0,
     0,
     0,
     0,
     0,
     0,
     0,
     0,
     0,
     0,
     0,
     0,
     0,
     0,
     0,
     0,
     0,
     0,
     0,
     0,
     0,
     0,
     0,
     0,
     0,
     0,
     0,
     0,
     0,
     0,
     0,
     0,
     0,
     0,
     0,
     0,
     0,
     0,
     0,
     0,
     0,
     0,
     0,
     0,
     0],
   @dim=3,
   @x=51,
   @y=50,
   @z=4>,
 @disable_dashing=true,
 @display_name="Trial One: Hauteclere",
 @encounter_list=[],
 @encounter_step=30,
 @events=
  {1=>
    #<RPG::Event:0x000000000547b328
     @id=1,
     @name="EV001",
     @pages=
      [#<RPG::Event::Page:0x000000000547b148
        @condition=
         #<RPG::Event::Page::Condition:0x000000000547b0d0
          @actor_id=1,
          @actor_valid=false,
          @item_id=1,
          @item_valid=false,
          @self_switch_ch="A",
          @self_switch_valid=false,
          @switch1_id=1,
          @switch1_valid=false,
          @switch2_id=1,
          @switch2_valid=false,
          @variable_id=1,
          @variable_valid=false,
          @variable_value=0>,
        @direction_fix=false,
        @graphic=
         #<RPG::Event::Page::Graphic:0x000000000547a9c8
          @character_index=0,
          @character_name="",
          @direction=2,
          @pattern=0,
          @tile_id=0>,
        @list=
         [#<RPG::EventCommand:0x0000000005479eb0
           @code=250,
           @indent=0,
           @parameters=
            [#<RPG::SE:0x0000000005479e10
              @name="Move",
              @pitch=100,
              @volume=80>]>,
          #<RPG::EventCommand:0x0000000005479cd0
           @code=201,
           @indent=0,
           @parameters=[0, 20, 24, 6, 4, 0]>,
          #<RPG::EventCommand:0x0000000005479c80
           @code=0,
           @indent=0,
           @parameters=[]>],
        @move_frequency=3,
        @move_route=
         #<RPG::MoveRoute:0x000000000547a568
          @list=
           [#<RPG::MoveCommand:0x000000000547a360 @code=0, @parameters=[]>],
          @repeat=true,
          @skippable=false,
          @wait=false>,
        @move_speed=3,
        @move_type=0,
        @priority_type=0,
        @step_anime=false,
        @through=false,
        @trigger=1,
        @walk_anime=true>],
     @x=24,
     @y=6>,
   2=>
    #<RPG::Event:0x0000000005479be0
     @id=2,
     @name="EV002",
     @pages=
      [#<RPG::Event::Page:0x0000000005479b68
        @condition=
         #<RPG::Event::Page::Condition:0x0000000005479b40
          @actor_id=1,
          @actor_valid=false,
          @item_id=1,
          @item_valid=false,
          @self_switch_ch="A",
          @self_switch_valid=false,
          @switch1_id=1,
          @switch1_valid=false,
          @switch2_id=1,
          @switch2_valid=false,
          @variable_id=1,
          @variable_valid=false,
          @variable_value=0>,
        @direction_fix=false,
        @graphic=
         #<RPG::Event::Page::Graphic:0x0000000005479af0
          @character_index=0,
          @character_name="",
          @direction=2,
          @pattern=0,
          @tile_id=0>,
        @list=
         [#<RPG::EventCommand:0x00000000054799d8
           @code=250,
           @indent=0,
           @parameters=
            [#<RPG::SE:0x0000000005479988
              @name="Move",
              @pitch=100,
              @volume=80>]>,
          #<RPG::EventCommand:0x0000000005479938
           @code=201,
           @indent=0,
           @parameters=[0, 20, 26, 6, 6, 0]>,
          #<RPG::EventCommand:0x00000000054798e8
           @code=0,
           @indent=0,
           @parameters=[]>],
        @move_frequency=3,
        @move_route=
         #<RPG::MoveRoute:0x0000000005479aa0
          @list=
           [#<RPG::MoveCommand:0x0000000005479a50 @code=0, @parameters=[]>],
          @repeat=true,
          @skippable=false,
          @wait=false>,
        @move_speed=3,
        @move_type=0,
        @priority_type=0,
        @step_anime=false,
        @through=false,
        @trigger=1,
        @walk_anime=true>],
     @x=26,
     @y=6>},
 @height=50,
 @note="",
 @parallax_loop_x=false,
 @parallax_loop_y=false,
 @parallax_name="",
 @parallax_show=false,
 @parallax_sx=0,
 @parallax_sy=0,
 @scroll_type=0,
 @specify_battleback=true,
 @tileset_id=4,
 @width=51>
