#<RPG::Map:0x0000000005463480
 @autoplay_bgm=false,
 @autoplay_bgs=false,
 @battleback1_name="Cobblestones1",
 @battleback2_name="Stone1",
 @bgm=#<RPG::BGM:0x0000000005461a18 @name="", @pitch=100, @volume=100>,
 @bgs=#<RPG::BGS:0x0000000005461608 @name="", @pitch=100, @volume=80>,
 @data=
  #<Table:0x00000000054616f8
   @data=
    [1536,
     1536,
     1536,
     1536,
     1536,
     1536,
     1536,
     1536,
     1536,
     1536,
     1536,
     1536,
     1536,
     1536,
     1536,
     1536,
     1536,
     1536,
     1536,
     1536,
     1536,
     1536,
     1536,
     1536,
     1536,
     1536,
     1536,
     1536,
     1536,
     1536,
     1536,
     1536,
     1536,
     1536,
     1536,
     1536,
     1536,
     1536,
     1536,
     1536,
     1536,
     1536,
     1536,
     1536,
     1536,
     1536,
     1536,
     1536,
     1536,
     1536,
     1536,
     1536,
     1536,
     1536,
     6691,
     6689,
     6689,
     6689,
     6689,
     6689,
     6689,
     6689,
     6689,
     6689,
     6689,
     6689,
     6689,
     6689,
     6689,
     6689,
     6693,
     1536,
     1536,
     1536,
     1536,
     1536,
     1536,
     1536,
     6691,
     6695,
     7042,
     7042,
     7042,
     7042,
     7042,
     7042,
     7042,
     7042,
     7042,
     7042,
     7042,
     7042,
     7042,
     7042,
     7042,
     6697,
     6693,
     1536,
     1536,
     1536,
     1536,
     1536,
     6691,
     6695,
     7046,
     7048,
     7048,
     7048,
     7048,
     7048,
     7048,
     7048,
     7048,
     7048,
     7048,
     7048,
     7048,
     7048,
     7048,
     7048,
     7043,
     6697,
     6693,
     1536,
     1536,
     1536,
     1536,
     6688,
     7046,
     7052,
     1589,
     1589,
     1589,
     1589,
     1589,
     1589,
     1589,
     1589,
     1589,
     1589,
     1589,
     1645,
     1589,
     1589,
     1589,
     7049,
     7043,
     6688,
     1536,
     1536,
     1536,
     1536,
     6688,
     7052,
     1589,
     1645,
     1589,
     1589,
     1589,
     1589,
     1589,
     1589,
     1589,
     1589,
     1589,
     1589,
     1589,
     1589,
     1589,
     1589,
     1589,
     7049,
     6688,
     1536,
     1536,
     1536,
     1536,
     6688,
     1589,
     1589,
     1589,
     1589,
     6691,
     6689,
     6689,
     6701,
     1589,
     1589,
     1589,
     6699,
     6689,
     6689,
     6693,
     1589,
     1589,
     1589,
     1589,
     6688,
     1536,
     1536,
     1536,
     1536,
     6688,
     1589,
     1589,
     1589,
     6691,
     6695,
     7042,
     7042,
     7046,
     1608,
     1609,
     1610,
     7043,
     7042,
     7042,
     6697,
     6693,
     1645,
     1589,
     1589,
     6688,
     1536,
     1536,
     1536,
     1536,
     6688,
     1589,
     1589,
     1589,
     6688,
     7046,
     7040,
     7040,
     7044,
     1608,
     1609,
     1610,
     7041,
     7040,
     7040,
     7043,
     6688,
     1589,
     1589,
     1589,
     6688,
     1536,
     1536,
     1536,
     1536,
     6688,
     1589,
     1589,
     1589,
     6688,
     7044,
     7048,
     7048,
     7052,
     1608,
     1609,
     1610,
     7049,
     7048,
     7048,
     7041,
     6688,
     1589,
     1589,
     1589,
     6688,
     1536,
     1536,
     1536,
     1536,
     6688,
     1589,
     1589,
     1589,
     6688,
     7052,
     1589,
     1589,
     1589,
     1589,
     1589,
     1645,
     1589,
     1589,
     1589,
     7049,
     6688,
     1589,
     1589,
     1589,
     6688,
     1536,
     1536,
     1536,
     1536,
     6688,
     1589,
     1589,
     1589,
     6688,
     1645,
     1589,
     1589,
     1589,
     1589,
     1589,
     1589,
     1589,
     1589,
     1589,
     1589,
     6688,
     1589,
     1589,
     1589,
     6688,
     1536,
     1536,
     1536,
     1536,
     6688,
     1589,
     1589,
     1589,
     6688,
     1589,
     1589,
     1589,
     1589,
     1589,
     1589,
     1589,
     1589,
     1589,
     1589,
     1645,
     6688,
     1589,
     1589,
     1589,
     6688,
     1536,
     1536,
     1536,
     1536,
     6688,
     1589,
     1589,
     1589,
     6688,
     1589,
     1589,
     1589,
     1568,
     1568,
     1568,
     1568,
     1568,
     1589,
     1589,
     1589,
     6688,
     1589,
     1589,
     1645,
     6688,
     1536,
     1536,
     1536,
     1536,
     6688,
     1589,
     1589,
     1589,
     6688,
     1589,
     1589,
     1589,
     1568,
     1568,
     1568,
     1568,
     1568,
     1589,
     1589,
     1589,
     6688,
     1589,
     1589,
     1589,
     6688,
     1536,
     1536,
     1536,
     1536,
     6688,
     1645,
     1589,
     1589,
     6688,
     1589,
     1589,
     1589,
     1568,
     1568,
     1568,
     1568,
     1568,
     1589,
     1589,
     1589,
     6688,
     1589,
     1589,
     1589,
     6688,
     1536,
     1536,
     1536,
     1536,
     6688,
     1589,
     1589,
     1589,
     6688,
     1589,
     1589,
     1589,
     1568,
     1568,
     1568,
     1568,
     1568,
     1589,
     1589,
     1589,
     6688,
     1589,
     1589,
     1589,
     6688,
     1536,
     1536,
     1536,
     1536,
     6688,
     1589,
     1589,
     1589,
     6688,
     1589,
     1589,
     1589,
     1568,
     1568,
     1568,
     1568,
     1568,
     1589,
     1589,
     1589,
     6688,
     1589,
     1589,
     1589,
     6688,
     1536,
     1536,
     1536,
     1536,
     6688,
     1589,
     1589,
     1589,
     6688,
     1589,
     1589,
     1589,
     1589,
     1589,
     1589,
     1645,
     1589,
     1589,
     1589,
     1589,
     6688,
     1589,
     1589,
     1589,
     6688,
     1536,
     1536,
     1536,
     1536,
     6688,
     1589,
     1589,
     1589,
     6688,
     1589,
     1645,
     1589,
     1589,
     1589,
     1589,
     1589,
     1589,
     1589,
     1589,
     1589,
     6688,
     1589,
     1589,
     1589,
     6688,
     1536,
     1536,
     1536,
     1536,
     6688,
     1589,
     1589,
     1589,
     6697,
     6693,
     1589,
     1589,
     1589,
     1589,
     1589,
     1589,
     1589,
     1589,
     1645,
     6691,
     6695,
     1589,
     1589,
     1589,
     6688,
     1536,
     1536,
     1536,
     1536,
     6688,
     1589,
     1589,
     1589,
     7051,
     6697,
     6689,
     6689,
     6689,
     6689,
     6689,
     6689,
     6689,
     6689,
     6689,
     6695,
     7054,
     1589,
     1589,
     1589,
     6688,
     1536,
     1536,
     1536,
     1536,
     6688,
     1589,
     1589,
     1589,
     1645,
     7051,
     7050,
     7050,
     7050,
     7050,
     7050,
     7050,
     7050,
     7050,
     7050,
     7054,
     1589,
     1589,
     1589,
     1589,
     6688,
     1536,
     1536,
     1536,
     1536,
     6697,
     6693,
     1589,
     1589,
     1589,
     1589,
     1589,
     1589,
     1589,
     1589,
     1589,
     1589,
     1589,
     1589,
     1589,
     1589,
     1589,
     1589,
     1645,
     6691,
     6695,
     1536,
     1536,
     1536,
     1536,
     7043,
     6697,
     6693,
     1589,
     1589,
     1589,
     1589,
     1589,
     1589,
     1589,
     1589,
     1589,
     1589,
     1589,
     1589,
     1589,
     1589,
     1589,
     6691,
     6695,
     7046,
     1536,
     1536,
     1536,
     1536,
     7049,
     7043,
     6697,
     6689,
     6689,
     6689,
     6689,
     6689,
     6689,
     6701,
     1589,
     6699,
     6689,
     6689,
     6689,
     6689,
     6689,
     6689,
     6695,
     7046,
     7052,
     1536,
     1536,
     1536,
     1536,
     1536,
     7049,
     7043,
     7042,
     7042,
     7042,
     7042,
     7042,
     7042,
     7046,
     1589,
     7043,
     7042,
     7042,
     7042,
     7042,
     7042,
     7042,
     7046,
     7052,
     1536,
     1536,
     1536,
     1536,
     1536,
     1536,
     1536,
     7049,
     7048,
     7048,
     7048,
     7048,
     7048,
     7048,
     7052,
     1589,
     7049,
     7048,
     7048,
     7048,
     7048,
     7048,
     7048,
     7052,
     1536,
     1536,
     1536,
     1536,
     1536,
     1536,
     1536,
     1536,
     1536,
     1536,
     1536,
     1536,
     1536,
     1536,
     1536,
     1536,
     1536,
     1536,
     1536,
     1536,
     1536,
     1536,
     1536,
     1536,
     1536,
     1536,
     1536,
     1536,
     1536,
     1536,
     1536,
     1536,
     1536,
     1536,
     1536,
     1536,
     1536,
     1536,
     1536,
     1536,
     1536,
     1536,
     1536,
     1536,
     1536,
     1536,
     1536,
     1536,
     1536,
     1536,
     1536,
     1536,
     1536,
     1536,
     0,
     0,
     0,
     0,
     0,
     0,
     0,
     0,
     0,
     0,
     0,
     0,
     0,
     0,
     0,
     0,
     0,
     0,
     0,
     0,
     0,
     0,
     0,
     0,
     0,
     0,
     0,
     0,
     0,
     0,
     0,
     0,
     0,
     0,
     0,
     0,
     0,
     0,
     0,
     0,
     0,
     0,
     0,
     0,
     0,
     0,
     0,
     0,
     0,
     0,
     0,
     0,
     0,
     0,
     0,
     0,
     0,
     0,
     0,
     0,
     0,
     0,
     0,
     0,
     0,
     0,
     0,
     0,
     0,
     0,
     0,
     0,
     0,
     0,
     0,
     0,
     0,
     0,
     0,
     0,
     0,
     0,
     0,
     0,
     0,
     0,
     0,
     0,
     0,
     0,
     0,
     0,
     0,
     0,
     0,
     0,
     0,
     0,
     0,
     0,
     0,
     0,
     0,
     0,
     0,
     0,
     0,
     0,
     0,
     0,
     0,
     0,
     0,
     0,
     0,
     0,
     0,
     0,
     0,
     0,
     0,
     0,
     0,
     0,
     0,
     0,
     0,
     0,
     0,
     0,
     0,
     0,
     0,
     0,
     0,
     0,
     0,
     0,
     0,
     0,
     0,
     0,
     0,
     0,
     0,
     0,
     0,
     0,
     0,
     0,
     0,
     0,
     0,
     0,
     0,
     0,
     0,
     0,
     0,
     0,
     0,
     0,
     0,
     0,
     0,
     0,
     0,
     0,
     0,
     0,
     0,
     0,
     0,
     0,
     0,
     0,
     0,
     0,
     0,
     0,
     0,
     0,
     0,
     0,
     0,
     0,
     0,
     0,
     0,
     0,
     0,
     0,
     0,
     0,
     0,
     0,
     0,
     0,
     0,
     0,
     0,
     0,
     0,
     0,
     0,
     0,
     0,
     0,
     0,
     0,
     0,
     0,
     0,
     0,
     0,
     0,
     0,
     0,
     0,
     0,
     0,
     0,
     0,
     0,
     0,
     0,
     0,
     0,
     0,
     0,
     0,
     0,
     0,
     0,
     0,
     0,
     0,
     0,
     0,
     0,
     0,
     0,
     0,
     0,
     0,
     0,
     0,
     0,
     0,
     0,
     0,
     0,
     0,
     0,
     0,
     0,
     0,
     0,
     0,
     0,
     0,
     0,
     0,
     0,
     0,
     0,
     0,
     0,
     0,
     0,
     0,
     0,
     0,
     0,
     0,
     0,
     0,
     0,
     0,
     0,
     0,
     0,
     0,
     0,
     0,
     0,
     0,
     0,
     0,
     0,
     0,
     0,
     0,
     0,
     0,
     0,
     0,
     0,
     0,
     0,
     0,
     0,
     0,
     0,
     0,
     0,
     0,
     0,
     0,
     0,
     0,
     0,
     0,
     0,
     0,
     0,
     0,
     0,
     0,
     0,
     0,
     0,
     0,
     0,
     0,
     0,
     0,
     0,
     0,
     0,
     0,
     0,
     0,
     0,
     0,
     0,
     0,
     0,
     0,
     0,
     0,
     0,
     0,
     0,
     0,
     0,
     0,
     0,
     0,
     0,
     0,
     0,
     0,
     0,
     0,
     0,
     0,
     0,
     0,
     0,
     4290,
     4276,
     4276,
     4276,
     4292,
     0,
     0,
     0,
     0,
     0,
     0,
     0,
     0,
     0,
     0,
     0,
     0,
     0,
     0,
     0,
     0,
     0,
     0,
     0,
     0,
     4272,
     4256,
     4256,
     4256,
     4280,
     0,
     0,
     0,
     0,
     0,
     0,
     0,
     0,
     0,
     0,
     0,
     0,
     0,
     0,
     0,
     0,
     0,
     0,
     0,
     0,
     4272,
     4256,
     4256,
     4256,
     4280,
     0,
     0,
     0,
     0,
     0,
     0,
     0,
     0,
     0,
     0,
     0,
     0,
     0,
     0,
     0,
     0,
     0,
     0,
     0,
     0,
     4272,
     4256,
     4256,
     4256,
     4280,
     0,
     0,
     0,
     0,
     0,
     0,
     0,
     0,
     0,
     0,
     0,
     0,
     0,
     0,
     0,
     0,
     0,
     0,
     0,
     0,
     4296,
     4284,
     4284,
     4284,
     4294,
     0,
     0,
     0,
     0,
     0,
     0,
     0,
     0,
     0,
     0,
     0,
     0,
     0,
     0,
     0,
     0,
     0,
     0,
     0,
     0,
     0,
     0,
     0,
     0,
     0,
     0,
     0,
     0,
     0,
     0,
     0,
     0,
     0,
     0,
     0,
     0,
     0,
     0,
     0,
     0,
     0,
     0,
     0,
     0,
     0,
     0,
     0,
     0,
     0,
     0,
     0,
     0,
     0,
     0,
     0,
     0,
     0,
     0,
     0,
     0,
     0,
     0,
     0,
     0,
     0,
     0,
     0,
     0,
     0,
     0,
     0,
     0,
     0,
     0,
     0,
     0,
     0,
     0,
     0,
     0,
     0,
     0,
     0,
     0,
     0,
     0,
     0,
     0,
     0,
     0,
     0,
     0,
     0,
     0,
     0,
     0,
     0,
     0,
     0,
     0,
     0,
     0,
     0,
     0,
     0,
     0,
     0,
     0,
     0,
     0,
     0,
     0,
     0,
     0,
     0,
     0,
     0,
     0,
     0,
     0,
     0,
     0,
     0,
     0,
     0,
     0,
     0,
     0,
     0,
     0,
     0,
     0,
     0,
     0,
     0,
     0,
     0,
     0,
     0,
     0,
     0,
     0,
     0,
     0,
     0,
     0,
     0,
     0,
     0,
     0,
     0,
     0,
     0,
     0,
     0,
     0,
     0,
     0,
     0,
     0,
     0,
     0,
     0,
     0,
     0,
     0,
     0,
     0,
     0,
     0,
     0,
     0,
     0,
     0,
     0,
     0,
     0,
     0,
     0,
     0,
     0,
     0,
     0,
     0,
     0,
     0,
     0,
     0,
     0,
     0,
     0,
     0,
     0,
     0,
     0,
     0,
     0,
     0,
     0,
     0,
     0,
     0,
     0,
     0,
     0,
     0,
     0,
     0,
     0,
     0,
     0,
     0,
     0,
     0,
     0,
     0,
     0,
     0,
     0,
     0,
     0,
     0,
     0,
     0,
     0,
     0,
     0,
     0,
     0,
     0,
     0,
     0,
     0,
     0,
     0,
     0,
     0,
     0,
     0,
     0,
     0,
     0,
     0,
     0,
     0,
     0,
     0,
     0,
     0,
     0,
     0,
     0,
     0,
     0,
     0,
     0,
     0,
     0,
     0,
     0,
     0,
     0,
     0,
     0,
     0,
     0,
     0,
     0,
     0,
     0,
     0,
     0,
     0,
     0,
     0,
     0,
     0,
     0,
     0,
     0,
     0,
     0,
     0,
     0,
     0,
     0,
     0,
     0,
     0,
     0,
     0,
     0,
     0,
     0,
     0,
     0,
     0,
     0,
     0,
     0,
     0,
     0,
     0,
     0,
     0,
     0,
     0,
     0,
     0,
     0,
     0,
     0,
     0,
     0,
     0,
     0,
     0,
     0,
     0,
     0,
     0,
     0,
     0,
     0,
     0,
     0,
     0,
     0,
     0,
     0,
     0,
     0,
     0,
     0,
     0,
     0,
     0,
     0,
     0,
     0,
     0,
     0,
     0,
     0,
     0,
     0,
     0,
     0,
     0,
     0,
     0,
     0,
     0,
     0,
     0,
     0,
     0,
     0,
     0,
     0,
     0,
     0,
     0,
     0,
     0,
     0,
     0,
     0,
     0,
     0,
     0,
     0,
     0,
     0,
     0,
     0,
     0,
     0,
     0,
     0,
     0,
     0,
     0,
     0,
     0,
     0,
     0,
     0,
     0,
     0,
     0,
     256,
     0,
     0,
     0,
     256,
     0,
     0,
     0,
     256,
     0,
     0,
     0,
     256,
     0,
     0,
     0,
     0,
     0,
     0,
     0,
     0,
     0,
     0,
     0,
     0,
     264,
     0,
     0,
     0,
     264,
     0,
     0,
     0,
     264,
     0,
     0,
     0,
     264,
     0,
     0,
     0,
     0,
     0,
     0,
     0,
     0,
     0,
     0,
     0,
     0,
     272,
     0,
     0,
     0,
     272,
     0,
     0,
     0,
     272,
     0,
     0,
     0,
     272,
     0,
     0,
     0,
     0,
     0,
     0,
     0,
     0,
     0,
     0,
     0,
     0,
     0,
     0,
     0,
     0,
     0,
     0,
     0,
     0,
     0,
     0,
     0,
     0,
     0,
     0,
     0,
     0,
     0,
     0,
     0,
     0,
     0,
     0,
     0,
     0,
     0,
     0,
     0,
     0,
     0,
     0,
     0,
     0,
     0,
     0,
     0,
     0,
     0,
     0,
     0,
     0,
     0,
     0,
     0,
     0,
     0,
     0,
     0,
     0,
     81,
     0,
     0,
     0,
     0,
     256,
     0,
     0,
     0,
     0,
     0,
     256,
     0,
     0,
     0,
     0,
     81,
     0,
     0,
     0,
     0,
     0,
     0,
     0,
     0,
     89,
     0,
     0,
     0,
     0,
     264,
     0,
     0,
     0,
     0,
     0,
     264,
     0,
     0,
     0,
     0,
     89,
     0,
     0,
     0,
     0,
     0,
     0,
     0,
     0,
     0,
     0,
     0,
     0,
     0,
     264,
     0,
     0,
     0,
     0,
     0,
     264,
     0,
     0,
     0,
     0,
     0,
     0,
     0,
     0,
     0,
     0,
     0,
     0,
     0,
     81,
     0,
     0,
     0,
     0,
     272,
     0,
     0,
     0,
     0,
     0,
     272,
     0,
     0,
     0,
     0,
     81,
     0,
     0,
     0,
     0,
     0,
     0,
     0,
     0,
     89,
     0,
     0,
     0,
     0,
     81,
     0,
     0,
     0,
     0,
     0,
     81,
     0,
     0,
     0,
     0,
     89,
     0,
     0,
     0,
     0,
     0,
     0,
     0,
     0,
     0,
     0,
     0,
     0,
     0,
     89,
     0,
     0,
     0,
     0,
     0,
     89,
     0,
     0,
     0,
     0,
     0,
     0,
     0,
     0,
     0,
     0,
     0,
     0,
     0,
     81,
     0,
     0,
     0,
     0,
     0,
     0,
     0,
     0,
     0,
     0,
     0,
     0,
     0,
     0,
     0,
     81,
     0,
     0,
     0,
     0,
     0,
     0,
     0,
     0,
     89,
     0,
     0,
     0,
     185,
     0,
     0,
     336,
     337,
     338,
     0,
     0,
     186,
     0,
     0,
     0,
     89,
     0,
     0,
     0,
     0,
     0,
     0,
     0,
     0,
     0,
     0,
     0,
     0,
     193,
     0,
     0,
     344,
     345,
     346,
     0,
     0,
     194,
     0,
     0,
     0,
     0,
     0,
     0,
     0,
     0,
     0,
     0,
     0,
     0,
     81,
     0,
     0,
     0,
     0,
     0,
     0,
     352,
     353,
     354,
     0,
     0,
     0,
     0,
     0,
     0,
     81,
     0,
     0,
     0,
     0,
     0,
     0,
     0,
     0,
     89,
     0,
     0,
     0,
     0,
     81,
     0,
     0,
     0,
     0,
     0,
     81,
     0,
     0,
     0,
     0,
     89,
     0,
     0,
     0,
     0,
     0,
     0,
     0,
     0,
     0,
     0,
     0,
     0,
     0,
     89,
     0,
     0,
     0,
     0,
     0,
     89,
     0,
     0,
     0,
     0,
     0,
     0,
     0,
     0,
     0,
     0,
     0,
     0,
     0,
     81,
     0,
     0,
     0,
     0,
     0,
     0,
     0,
     0,
     0,
     0,
     0,
     0,
     0,
     0,
     0,
     81,
     0,
     0,
     0,
     0,
     0,
     0,
     0,
     0,
     89,
     0,
     0,
     0,
     0,
     304,
     0,
     0,
     304,
     0,
     0,
     304,
     0,
     0,
     0,
     0,
     89,
     0,
     0,
     0,
     0,
     0,
     0,
     0,
     0,
     0,
     0,
     0,
     0,
     0,
     0,
     0,
     0,
     0,
     0,
     0,
     0,
     0,
     0,
     0,
     0,
     0,
     0,
     0,
     0,
     0,
     0,
     0,
     0,
     0,
     0,
     0,
     0,
     0,
     0,
     0,
     0,
     0,
     0,
     0,
     0,
     0,
     0,
     0,
     0,
     0,
     0,
     0,
     0,
     0,
     0,
     0,
     0,
     0,
     0,
     0,
     0,
     0,
     0,
     0,
     0,
     0,
     0,
     0,
     0,
     0,
     0,
     0,
     0,
     0,
     0,
     0,
     0,
     0,
     0,
     0,
     0,
     0,
     0,
     0,
     0,
     0,
     304,
     0,
     0,
     0,
     304,
     0,
     0,
     0,
     304,
     0,
     0,
     0,
     304,
     0,
     0,
     0,
     0,
     0,
     0,
     0,
     0,
     0,
     0,
     0,
     0,
     0,
     0,
     0,
     0,
     0,
     0,
     0,
     0,
     0,
     0,
     0,
     0,
     0,
     0,
     0,
     0,
     0,
     0,
     0,
     0,
     0,
     0,
     0,
     0,
     0,
     0,
     0,
     0,
     0,
     0,
     0,
     0,
     0,
     0,
     0,
     0,
     0,
     0,
     0,
     0,
     0,
     0,
     0,
     0,
     0,
     0,
     0,
     0,
     0,
     0,
     0,
     0,
     0,
     0,
     0,
     0,
     0,
     0,
     0,
     0,
     0,
     0,
     0,
     0,
     0,
     0,
     0,
     0,
     0,
     0,
     0,
     0,
     0,
     0,
     0,
     0,
     0,
     0,
     0,
     0,
     0,
     0,
     0,
     0,
     0,
     0,
     0,
     0,
     0,
     0,
     0,
     0,
     0,
     0,
     0,
     0,
     0,
     0,
     0,
     0,
     0,
     0,
     0,
     0,
     0,
     0,
     0,
     0,
     0,
     0,
     0,
     0,
     0,
     0,
     0,
     0,
     0,
     0,
     0,
     0,
     0,
     0,
     0,
     0,
     0,
     0,
     0,
     0,
     0,
     0,
     0,
     0,
     0,
     0,
     0,
     0,
     0,
     0,
     0,
     0,
     0,
     0,
     0,
     0,
     0,
     0,
     0,
     0,
     0,
     0,
     0,
     0,
     0,
     0,
     0,
     0,
     0,
     0,
     0,
     0,
     0,
     0,
     0,
     0,
     0,
     0,
     0,
     0,
     0,
     0,
     0,
     0,
     0,
     0,
     0,
     0,
     0,
     0,
     0,
     0,
     0,
     0,
     0,
     0,
     0,
     0,
     0,
     0,
     0,
     0,
     0,
     0,
     0,
     0,
     0,
     0,
     0,
     0,
     0,
     0,
     0,
     0,
     0,
     0,
     0,
     0,
     0,
     0,
     0,
     0,
     0,
     0,
     0,
     0,
     0,
     0,
     0,
     0,
     0,
     0,
     0,
     0,
     0,
     0,
     0,
     0,
     0,
     0,
     0,
     0,
     0,
     0,
     0,
     0,
     0,
     0,
     0,
     0,
     0,
     0,
     0,
     0,
     0,
     0,
     0,
     0,
     0,
     0,
     0,
     5,
     0,
     0,
     0,
     0,
     0,
     0,
     0,
     0,
     0,
     0,
     0,
     0,
     0,
     0,
     0,
     0,
     0,
     5,
     0,
     0,
     0,
     0,
     0,
     5,
     0,
     0,
     0,
     0,
     0,
     0,
     0,
     0,
     0,
     0,
     0,
     0,
     0,
     0,
     0,
     0,
     0,
     0,
     5,
     0,
     0,
     0,
     0,
     5,
     0,
     0,
     0,
     0,
     0,
     0,
     0,
     0,
     0,
     0,
     0,
     0,
     0,
     0,
     0,
     0,
     0,
     0,
     0,
     5,
     0,
     0,
     0,
     0,
     5,
     0,
     0,
     0,
     0,
     0,
     0,
     0,
     5,
     0,
     0,
     0,
     0,
     0,
     0,
     0,
     0,
     0,
     0,
     0,
     5,
     0,
     0,
     0,
     0,
     5,
     0,
     0,
     0,
     0,
     0,
     0,
     0,
     5,
     0,
     0,
     0,
     0,
     0,
     0,
     0,
     5,
     0,
     0,
     0,
     5,
     0,
     0,
     0,
     0,
     5,
     0,
     0,
     0,
     0,
     0,
     0,
     0,
     5,
     0,
     0,
     0,
     0,
     0,
     0,
     0,
     5,
     0,
     0,
     0,
     5,
     0,
     0,
     0,
     0,
     5,
     0,
     0,
     0,
     0,
     5,
     0,
     0,
     0,
     0,
     0,
     0,
     0,
     0,
     0,
     0,
     5,
     0,
     0,
     0,
     5,
     0,
     0,
     0,
     0,
     5,
     0,
     0,
     0,
     5,
     0,
     0,
     0,
     0,
     0,
     0,
     0,
     0,
     0,
     0,
     0,
     5,
     0,
     0,
     0,
     5,
     0,
     0,
     0,
     0,
     5,
     0,
     0,
     0,
     5,
     0,
     0,
     0,
     0,
     0,
     0,
     0,
     0,
     0,
     0,
     0,
     5,
     0,
     0,
     0,
     5,
     0,
     0,
     0,
     0,
     5,
     0,
     0,
     0,
     5,
     0,
     0,
     0,
     0,
     0,
     0,
     0,
     0,
     0,
     0,
     0,
     5,
     0,
     0,
     0,
     5,
     0,
     0,
     0,
     0,
     5,
     0,
     0,
     0,
     5,
     0,
     0,
     0,
     0,
     0,
     0,
     0,
     0,
     0,
     0,
     0,
     5,
     0,
     0,
     0,
     5,
     0,
     0,
     0,
     0,
     5,
     0,
     0,
     0,
     5,
     0,
     0,
     0,
     0,
     0,
     0,
     0,
     0,
     0,
     0,
     0,
     5,
     0,
     0,
     0,
     5,
     0,
     0,
     0,
     0,
     5,
     0,
     0,
     0,
     5,
     0,
     0,
     0,
     0,
     0,
     0,
     0,
     0,
     0,
     0,
     0,
     5,
     0,
     0,
     0,
     5,
     0,
     0,
     0,
     0,
     5,
     0,
     0,
     0,
     5,
     0,
     0,
     0,
     0,
     0,
     0,
     0,
     0,
     0,
     0,
     0,
     5,
     0,
     0,
     0,
     5,
     0,
     0,
     0,
     0,
     5,
     0,
     0,
     0,
     5,
     0,
     0,
     0,
     0,
     0,
     0,
     0,
     0,
     0,
     0,
     0,
     5,
     0,
     0,
     0,
     5,
     0,
     0,
     0,
     0,
     5,
     0,
     0,
     0,
     5,
     0,
     0,
     0,
     0,
     0,
     0,
     0,
     0,
     0,
     0,
     0,
     5,
     0,
     0,
     0,
     5,
     0,
     0,
     0,
     0,
     5,
     0,
     0,
     0,
     0,
     0,
     0,
     0,
     0,
     0,
     0,
     0,
     0,
     0,
     0,
     0,
     5,
     0,
     0,
     0,
     5,
     0,
     0,
     0,
     0,
     5,
     0,
     0,
     0,
     0,
     0,
     0,
     0,
     0,
     0,
     0,
     0,
     0,
     0,
     0,
     0,
     5,
     0,
     0,
     0,
     5,
     0,
     0,
     0,
     0,
     5,
     0,
     0,
     0,
     0,
     0,
     0,
     0,
     0,
     0,
     0,
     0,
     0,
     0,
     0,
     5,
     0,
     0,
     0,
     0,
     5,
     0,
     0,
     0,
     0,
     0,
     0,
     0,
     0,
     0,
     0,
     0,
     0,
     0,
     0,
     0,
     0,
     0,
     0,
     0,
     0,
     0,
     0,
     0,
     0,
     5,
     0,
     0,
     0,
     0,
     0,
     0,
     0,
     0,
     0,
     0,
     0,
     0,
     0,
     0,
     0,
     0,
     0,
     0,
     0,
     0,
     0,
     0,
     0,
     0,
     5,
     0,
     0,
     0,
     0,
     0,
     0,
     0,
     0,
     0,
     0,
     0,
     0,
     0,
     0,
     0,
     0,
     0,
     0,
     0,
     0,
     0,
     0,
     0,
     0,
     5,
     0,
     0,
     0,
     0,
     0,
     0,
     0,
     0,
     0,
     0,
     0,
     0,
     0,
     5,
     0,
     0,
     0,
     0,
     0,
     0,
     0,
     0,
     0,
     5,
     0,
     0,
     0,
     0,
     0,
     0,
     0,
     0,
     0,
     0,
     0,
     0,
     0,
     0,
     5,
     0,
     0,
     0,
     0,
     0,
     0,
     0,
     0,
     5,
     0,
     0,
     0,
     0,
     0,
     0,
     0,
     0,
     0,
     0,
     0,
     0,
     0,
     0,
     0,
     0,
     0,
     0,
     0,
     0,
     0,
     0,
     0,
     0,
     0,
     0,
     0,
     0,
     0,
     0,
     0,
     0,
     0,
     0,
     0,
     0,
     0,
     0,
     0,
     0,
     0,
     0,
     0,
     0,
     0,
     0,
     0,
     0,
     0,
     0,
     0,
     0,
     0],
   @dim=3,
   @x=25,
   @y=31,
   @z=4>,
 @disable_dashing=true,
 @display_name="",
 @encounter_list=[],
 @encounter_step=30,
 @events=
  {2=>
    #<RPG::Event:0x0000000005463318
     @id=2,
     @name="AutoSwitch",
     @pages=
      [#<RPG::Event::Page:0x0000000005463138
        @condition=
         #<RPG::Event::Page::Condition:0x00000000054630c0
          @actor_id=1,
          @actor_valid=false,
          @item_id=1,
          @item_valid=false,
          @self_switch_ch="A",
          @self_switch_valid=false,
          @switch1_id=1,
          @switch1_valid=false,
          @switch2_id=1,
          @switch2_valid=false,
          @variable_id=1,
          @variable_valid=false,
          @variable_value=0>,
        @direction_fix=false,
        @graphic=
         #<RPG::Event::Page::Graphic:0x00000000054629b8
          @character_index=0,
          @character_name="",
          @direction=2,
          @pattern=0,
          @tile_id=0>,
        @list=
         [#<RPG::EventCommand:0x0000000005461ea0
           @code=121,
           @indent=0,
           @parameters=[81, 81, 0]>,
          #<RPG::EventCommand:0x0000000005461e28
           @code=123,
           @indent=0,
           @parameters=["A", 0]>,
          #<RPG::EventCommand:0x0000000005461db0
           @code=0,
           @indent=0,
           @parameters=[]>],
        @move_frequency=3,
        @move_route=
         #<RPG::MoveRoute:0x0000000005462558
          @list=
           [#<RPG::MoveCommand:0x0000000005462350 @code=0, @parameters=[]>],
          @repeat=true,
          @skippable=false,
          @wait=false>,
        @move_speed=3,
        @move_type=0,
        @priority_type=0,
        @step_anime=false,
        @through=false,
        @trigger=3,
        @walk_anime=true>,
       #<RPG::Event::Page:0x0000000005461d60
        @condition=
         #<RPG::Event::Page::Condition:0x0000000005461d38
          @actor_id=1,
          @actor_valid=false,
          @item_id=1,
          @item_valid=false,
          @self_switch_ch="A",
          @self_switch_valid=true,
          @switch1_id=1,
          @switch1_valid=false,
          @switch2_id=1,
          @switch2_valid=false,
          @variable_id=1,
          @variable_valid=false,
          @variable_value=0>,
        @direction_fix=false,
        @graphic=
         #<RPG::Event::Page::Graphic:0x0000000005461ce8
          @character_index=0,
          @character_name="",
          @direction=2,
          @pattern=0,
          @tile_id=0>,
        @list=
         [#<RPG::EventCommand:0x0000000005461bd0
           @code=0,
           @indent=0,
           @parameters=[]>],
        @move_frequency=3,
        @move_route=
         #<RPG::MoveRoute:0x0000000005461c98
          @list=
           [#<RPG::MoveCommand:0x0000000005461c48 @code=0, @parameters=[]>],
          @repeat=true,
          @skippable=false,
          @wait=false>,
        @move_speed=3,
        @move_type=0,
        @priority_type=0,
        @step_anime=false,
        @through=false,
        @trigger=0,
        @walk_anime=true>],
     @x=24,
     @y=11>},
 @height=31,
 @note="",
 @parallax_loop_x=false,
 @parallax_loop_y=false,
 @parallax_name="",
 @parallax_show=false,
 @parallax_sx=0,
 @parallax_sy=0,
 @scroll_type=0,
 @specify_battleback=true,
 @tileset_id=4,
 @width=25>
